SERIALNUMBER	BOTTOM	COVERLAY	DIELECTRIC	INNER	ALL
20UPGPQ2604013	33.70	86.20	84.80	12.50	231.50	34.90
20UPGPQ4610013	33.20	85.20	84.80	12.00	231.50	33.90
20UPGPQ4610014	31.20	85.70	87.30	13.00	229.50	33.40
20UPGPQ4610015	31.20	87.20	85.80	13.50	229.50	35.90
20UPGPQ4610017	33.20	85.70	83.80	13.00	231.50	33.40
20UPGPQ4610018	32.70	85.70	86.30	10.50	228.50	32.90
20UPGPQ4610019	32.20	85.20	85.80	10.50	228.00	31.40
20UPGPQ4610020	31.70	84.70	85.80	10.50	229.00	31.40
20UPGPQ4610026	34.70	87.20	83.30	10.50	229.00	31.40
20UPGPQ4610027	33.70	88.70	83.80	10.50	227.00	30.90
20UPGPQ4610028	34.70	84.20	85.30	9.00	229.00	29.90
20UPGPQ4610029	36.20	81.20	85.30	10.00	232.50	30.90
20UPGPQ4610030	34.20	82.70	84.80	11.50	229.50	31.90
20UPGPQ4610031	36.20	82.20	82.80	10.00	226.50	30.90
20UPGPQ4610032	34.20	81.70	85.30	10.50	230.00	30.90
20UPGPQ4610034	33.70	82.20	84.30	12.00	245.00	31.40
20UPGPQ4610035	32.70	82.70	83.30	12.00	229.00	30.40
20UPGPQ4610036	33.70	80.70	84.80	11.50	229.50	30.90
20UPGPQ4610037	35.20	89.20	85.30	13.50	234.50	37.40
20UPGPQ4610038	33.70	78.70	84.80	11.00	229.50	31.40
20UPGPQ4610039	34.20	79.70	85.30	11.00	231.00	34.40
20UPGPQ4610040	34.20	82.20	83.30	12.50	231.50	33.90
20UPGPQ4610041	34.20	81.20	85.80	11.00	231.50	33.40
20UPGPQ4610042	33.70	80.20	85.80	9.50	229.00	31.90
20UPGPQ4610043	32.20	81.20	84.80	11.00	229.00	31.40
20UPGPQ4610044	33.70	80.70	84.80	12.00	231.00	32.90
20UPGPQ4610045	33.20	79.70	85.80	12.00	231.00	33.90
20UPGPQ4610046	31.20	81.70	84.80	12.00	229.50	31.40
20UPGPQ4610047	31.20	81.70	85.80	11.00	229.00	30.90
20UPGPQ4610048	33.20	87.70	85.30	11.00	230.00	32.40
20UPGPQ4610049	34.20	87.70	84.30	12.50	232.50	32.40
20UPGPQ4610050	33.20	83.70	85.30	10.50	229.00	28.90
20UPGPQ4610051	33.20	86.70	83.80	11.00	229.00	31.40
20UPGPQ4610052	33.20	86.70	84.80	11.00	229.00	29.90
20UPGPQ4610053	36.70	85.20	84.80	10.50	232.00	33.90
20UPGPQ4610054	32.70	85.20	84.80	12.00	230.00	32.90
20UPGPQ4610055	32.20	85.70	83.80	12.50	228.50	31.90
20UPGPQ4610056	32.70	86.70	84.80	12.00	230.50	31.90
20UPGPQ4610057	35.20	86.20	83.80	12.50	236.50	35.40
20UPGPQ4610058	34.70	88.20	83.30	12.00	233.00	33.90
20UPGPQ4610059	34.20	86.20	84.30	11.00	231.00	33.40
20UPGPQ4610060	34.20	87.20	85.30	11.00	232.50	32.40
20UPGPQ4610061	34.20	87.70	83.80	12.50	229.00	31.40
20UPGPQ4610062	31.20	86.70	83.80	13.00	227.50	29.40
20UPGPQ4610063	33.20	86.20	85.30	10.50	226.00	29.40
20UPGPQ4610064	33.20	86.70	83.80	12.00	228.50	30.90
20UPGPQ4610065	34.70	89.20	84.30	11.50	231.00	32.40
20UPGPQ4610066	32.20	87.20	83.80	12.00	226.00	30.40
20UPGPQ4610067	31.70	85.20	86.30	11.00	228.00	29.40
20UPGPQ4610068	33.70	87.20	84.80	10.50	230.00	31.40
20UPGPQ4610070	32.70	87.20	83.80	12.50	230.50	32.40
20UPGPQ4610071	32.70	88.20	85.30	12.00	231.00	32.90
20UPGPQ4610072	34.20	86.70	85.80	11.00	233.00	32.40
20UPGPQ4610073	33.70	86.20	84.80	12.00	232.00	33.40
20UPGPQ4610074	32.70	86.70	84.30	11.50	226.00	31.90
20UPGPQ4610075	30.70	88.20	82.80	13.50	227.50	31.40
20UPGPQ4610076	31.20	86.20	83.80	11.50	226.00	28.40
20UPGPQ4610077	35.20	86.20	84.80	12.00	234.50	34.90
20UPGPQ4610078	33.20	87.70	85.30	10.50	229.00	32.40
20UPGPQ4610079	33.70	87.20	84.80	11.00	230.00	31.40
20UPGPQ4610080	32.70	86.70	83.80	11.50	228.00	31.90
20UPGPQ4610081	35.70	86.70	85.30	12.50	239.00	34.40
20UPGPQ4610082	35.20	88.70	84.80	11.50	233.50	32.90
20UPGPQ4610083	34.20	87.70	84.80	12.50	234.50	33.40
20UPGPQ4610084	34.20	86.20	85.80	11.00	233.50	32.40
20UPGPQ4610085	33.70	87.20	83.80	12.50	233.00	34.90
20UPGPQ4610086	33.70	85.70	84.80	10.50	228.50	32.90
20UPGPQ4610088	34.20	85.70	84.80	11.00	232.00	33.90
20UPGPQ4610089	33.70	86.20	85.30	11.50	232.50	33.90
20UPGPQ4610090	32.20	84.70	84.80	11.00	228.00	31.90
20UPGPQ4610091	33.70	85.20	85.30	12.00	231.00	32.40
20UPGPQ4610092	33.70	85.20	85.30	12.00	231.00	32.40
20UPGPQ4610093	32.20	87.20	86.30	11.50	232.50	33.90
20UPGPQ4610094	31.70	86.20	85.80	10.50	228.50	31.90
20UPGPQ4610095	32.20	85.70	85.30	10.50	225.50	31.90
20UPGPQ4610096	33.70	84.70	86.80	9.50	229.50	30.90
20UPGPQ4610098	32.20	84.20	84.30	10.50	227.50	31.90
20UPGPQ4610099	32.70	86.70	84.80	10.50	226.50	31.90
20UPGPQ4610101	32.70	89.20	84.30	12.00	232.00	33.90
20UPGPQ4610102	32.20	86.20	84.80	11.00	227.50	31.90
20UPGPQ4610103	31.20	87.70	83.80	12.00	227.00	32.40
20UPGPQ4610104	31.70	85.70	85.30	10.50	229.50	31.40
20UPGPQ4610105	33.20	87.70	85.30	11.00	233.50	33.40
20UPGPQ4610106	32.20	86.70	83.80	11.50	228.00	32.90
20UPGPQ4610107	31.20	84.70	84.30	12.00	227.00	30.90
20UPGPQ4610108	32.20	87.20	86.30	10.50	228.50	31.90
20UPGPQ4610109	33.70	85.70	85.30	12.50	232.00	33.40
20UPGPQ4610110	31.70	87.20	85.30	13.00	229.50	32.90
20UPGPQ4610111	30.70	86.20	84.80	13.00	228.00	32.40
20UPGPQ4610112	32.70	86.20	85.80	11.00	229.50	31.90
20UPGPQ4610113	33.70	86.70	84.80	12.00	230.50	32.90
20UPGPQ4610114	31.70	86.20	84.80	13.00	227.50	30.90
20UPGPQ4610115	33.20	86.20	86.30	10.00	227.50	32.40
20UPGPQ4610116	33.20	86.70	83.80	12.50	227.00	31.40
20UPGPQ4610117	33.20	87.20	84.30	12.00	230.00	32.90
20UPGPQ4610118	32.70	87.70	85.80	11.50	229.00	30.40
20UPGPQ4610119	31.70	85.70	85.30	12.00	225.00	29.90
20UPGPQ4610120	31.20	86.70	84.80	12.00	226.50	30.40
20UPGPQ4610121	34.20	86.20	85.30	12.00	235.00	35.90
20UPGPQ4610122	34.20	87.20	84.30	12.50	232.50	36.40
20UPGPQ4610123	32.70	88.20	85.30	12.00	232.00	34.40
20UPGPQ4610124	31.70	86.20	85.80	12.00	232.00	33.40
20UPGPQ4610125	33.70	88.70	84.30	13.00	233.50	35.40
20UPGPQ4610126	33.20	86.70	83.80	12.00	229.50	34.40
20UPGPQ4610127	32.20	87.70	84.80	12.50	230.00	33.40
20UPGPQ4610128	32.70	83.20	85.30	12.50	230.50	32.90
20UPGPQ4610129	34.20	84.20	86.30	11.00	234.00	33.90
20UPGPQ4610130	32.20	83.70	83.80	13.00	228.50	34.40
20UPGPQ4610131	32.70	85.20	84.80	12.00	228.00	31.40
20UPGPQ4610132	31.70	85.20	85.80	11.50	228.00	30.90
20UPGPQ4610133	32.20	85.20	84.80	10.50	229.00	30.40
20UPGPQ4610134	31.70	86.20	84.30	11.00	225.50	28.90
20UPGPQ4610135	30.20	85.70	83.30	12.00	226.00	30.40
20UPGPQ4610136	32.20	86.20	83.80	12.00	228.00	31.90
20UPGPQ4610137	33.20	87.20	83.30	12.50	229.00	34.90
20UPGPQ4610138	31.70	87.20	84.80	11.00	226.50	31.40
20UPGPQ4610139	31.70	84.20	85.30	10.50	227.50	30.40
20UPGPQ4610140	32.70	87.70	84.80	12.00	229.50	33.40
20UPGPQ4610142	32.20	86.20	85.30	11.50	231.50	32.40
20UPGPQ4610143	32.70	85.70	84.30	12.00	231.00	32.40
20UPGPQ4610144	33.70	88.70	84.80	11.50	232.00	33.40
20UPGPQ4610145	32.70	87.70	85.80	11.50	231.00	33.90
20UPGPQ4610146	31.70	70.70	84.80	10.00	227.00	30.40
20UPGPQ4610147	29.70	73.20	83.30	12.00	224.50	30.90
20UPGPQ4610148	29.70	73.20	83.30	12.00	224.50	30.90
20UPGPQ4610149	34.20	74.20	84.30	11.00	230.00	33.40
20UPGPQ4610150	31.70	74.20	85.30	10.50	227.50	32.90
20UPGPQ4610151	30.70	76.20	83.80	11.50	229.50	33.40
20UPGPQ4610152	31.20	74.70	83.30	12.00	227.50	32.40
20UPGPQ4610153	34.20	75.70	84.30	11.00	233.00	34.90
20UPGPQ4610154	31.70	74.70	84.30	12.00	231.50	33.90
20UPGPQ4610155	32.20	74.20	84.80	11.00	230.50	32.90
20UPGPQ4610156	32.20	75.20	83.80	11.50	230.00	32.90
20UPGPQ4610157	32.20	76.20	84.30	12.00	229.50	31.40
20UPGPQ4610158	32.70	76.20	84.30	11.00	225.00	29.40
20UPGPQ4610159	31.70	78.20	82.30	12.50	224.00	31.40
20UPGPQ4610160	31.70	75.70	82.80	12.00	225.50	30.40
20UPGPQ4610161	33.20	76.70	82.80	12.50	230.50	33.90
20UPGPQ4610162	33.70	78.20	84.30	10.50	226.50	31.40
20UPGPQ4610163	33.20	77.70	84.30	10.50	226.50	29.90
20UPGPQ4610165	36.70	77.70	83.80	10.50	233.00	33.90
20UPGPQ4610166	33.20	77.20	84.30	10.50	230.00	32.40
20UPGPQ4610167	32.70	79.70	83.80	12.50	229.50	31.90
20UPGPQ4610168	34.20	79.70	83.30	11.00	231.00	32.40
20UPGPQ4610170	31.70	76.20	83.30	11.00	228.00	29.90
20UPGPQ4610171	32.20	76.70	82.80	11.00	225.50	31.90
20UPGPQ4610172	32.20	78.20	82.30	12.00	226.50	31.40
20UPGPQ4610173	34.20	77.20	83.30	11.00	231.00	34.90
20UPGPQ4610174	33.20	77.70	82.80	11.50	227.00	33.90
20UPGPQ4610175	32.70	78.70	82.80	12.00	228.00	32.40
20UPGPQ4610176	33.20	78.20	83.80	10.00	228.00	31.90
20UPGPQ4610177	34.20	77.20	82.80	11.50	233.00	34.40
20UPGPQ4610178	33.20	76.70	84.30	11.00	231.50	33.90
20UPGPQ4610181	35.70	78.70	82.80	11.00	232.00	34.40
20UPGPQ4610182	33.20	76.70	84.30	11.00	228.50	32.40
20UPGPQ4610183	34.20	77.70	83.80	10.00	227.50	32.40
20UPGPQ4610184	33.20	78.20	83.80	11.50	228.50	32.90
20UPGPQ4610186	31.70	77.20	84.30	11.00	226.00	31.40
20UPGPQ4610187	32.70	75.70	84.80	10.00	227.50	30.90
20UPGPQ4610188	33.20	77.70	84.80	11.00	227.50	31.40
20UPGPQ4610189	32.20	75.20	84.30	10.50	232.00	32.40
20UPGPQ4610190	31.20	77.70	84.80	10.00	227.50	28.40
20UPGPQ4610191	30.70	76.70	84.80	9.00	226.50	28.40
20UPGPQ4610192	31.20	77.70	84.80	9.00	225.00	27.90
20UPGPQ4610193	32.20	78.70	81.80	10.50	225.50	30.90
20UPGPQ4610194	30.70	78.20	84.30	10.50	226.00	29.40
20UPGPQ4610195	32.20	77.20	84.80	9.50	225.50	29.90
20UPGPQ4610196	31.20	77.70	83.80	11.50	228.50	31.40
20UPGPQ4610197	32.20	77.20	84.30	9.50	227.00	28.40
20UPGPQ4610198	29.70	77.70	83.30	11.00	224.00	28.40
20UPGPQ4610199	30.20	79.70	82.80	13.50	225.50	30.90
20UPGPQ4610200	31.20	79.20	83.30	12.50	227.50	30.40
20UPGPQ4610201	31.20	78.20	83.30	12.00	227.50	31.90
20UPGPQ4610202	30.20	77.20	83.80	12.50	225.00	28.90
20UPGPQ4610203	30.20	77.20	84.80	10.50	225.00	28.40
20UPGPQ4610204	29.70	80.20	83.30	11.50	227.00	29.40
20UPGPQ4610206	29.20	79.70	84.30	11.50	226.50	31.40
20UPGPQ4610207	28.70	80.70	83.80	13.00	226.00	32.40
20UPGPQ4610208	29.20	80.20	83.30	13.00	226.50	31.40
20UPGPQ4610209	33.20	79.20	83.80	11.00	230.00	33.40
20UPGPQ4610210	30.70	81.70	83.30	10.50	225.50	29.40
20UPGPQ4610211	30.70	80.70	83.80	12.00	225.50	30.40
20UPGPQ4610212	30.70	81.20	82.30	12.00	226.50	30.90
20UPGPQ4610213	35.20	79.20	83.30	9.50	230.00	31.90
20UPGPQ4610214	31.70	80.70	82.80	10.00	226.00	30.40
20UPGPQ4610215	30.20	80.70	83.30	11.00	226.00	30.40
20UPGPQ4610216	29.70	79.70	82.80	11.50	225.50	29.40
20UPGPQ4610217	34.20	83.20	83.30	11.00	228.00	30.90
20UPGPQ4610219	31.20	82.20	82.30	12.00	225.50	29.40
20UPGPQ4610220	31.70	81.20	83.30	11.00	227.50	29.90
20UPGPQ4610221	33.20	80.70	83.80	10.00	228.50	30.40
20UPGPQ4610222	32.20	82.70	84.80	10.00	226.00	27.40
20UPGPQ4610223	31.20	81.20	82.80	12.50	225.50	28.90
20UPGPQ4610224	33.20	82.70	82.30	11.50	224.50	29.40
20UPGPQ4610226	32.20	81.20	83.30	11.00	224.50	27.90
20UPGPQ4610227	33.70	80.70	83.80	10.00	225.00	27.40
20UPGPQ4610228	32.70	81.20	84.80	10.50	225.50	26.90
20UPGPQ4610229	30.70	82.70	83.30	12.00	228.00	30.90
20UPGPQ4610230	29.20	80.70	83.80	12.00	226.50	28.40
20UPGPQ4610231	30.70	81.20	83.80	11.50	227.50	28.90
20UPGPQ4610232	31.70	81.20	83.30	13.00	228.00	31.90
20UPGPQ4610233	33.20	80.70	84.30	10.00	229.00	30.90
20UPGPQ4610234	32.70	82.20	84.30	9.50	227.50	29.90
20UPGPQ4610235	30.70	79.70	84.30	11.50	226.50	30.40
20UPGPQ4610236	32.20	82.70	83.80	11.00	229.00	31.90
20UPGPQ4610237	31.70	83.20	84.30	11.00	230.00	29.90
20UPGPQ4610238	32.70	82.70	83.30	11.00	230.50	30.40
20UPGPQ4610239	32.70	81.70	83.80	11.00	229.00	29.90
20UPGPQ4610240	32.70	81.20	84.80	10.00	231.50	31.40
20UPGPQ4610241	32.70	80.70	84.30	10.00	228.00	29.40
20UPGPQ4610242	32.20	80.20	84.30	10.50	225.00	26.90
20UPGPQ4610244	32.20	81.70	84.30	11.00	226.50	27.90
20UPGPQ4610245	32.70	80.20	84.30	11.00	230.00	30.90
20UPGPQ4610246	33.20	82.20	87.30	10.50	229.50	28.90
20UPGPQ4610247	33.20	83.20	83.80	10.50	228.00	28.40
20UPGPQ4610248	32.70	81.70	84.30	10.00	228.50	29.90
20UPGPQ4610249	33.70	82.20	84.30	10.50	233.50	31.40
20UPGPQ4610250	34.70	80.70	84.30	10.00	230.50	28.40
20UPGPQ4610251	34.20	82.70	83.30	10.50	229.50	30.40
20UPGPQ4610252	34.70	81.20	82.30	11.00	231.00	30.40
20UPGPQ4611013	33.20	73.70	82.80	11.00	228.50	33.40
20UPGPQ4611014	30.20	73.20	82.80	12.00	227.50	31.90
20UPGPQ4611015	30.70	75.20	84.80	11.50	226.50	31.40
20UPGPQ4611017	33.70	74.70	83.80	10.50	229.00	33.90
20UPGPQ4611018	30.70	75.20	84.30	11.00	227.00	30.90
20UPGPQ4611019	32.20	77.20	83.80	11.00	226.50	31.90
20UPGPQ4611020	30.70	74.70	83.80	11.00	226.00	32.40
20UPGPQ4611021	33.70	75.20	84.80	9.50	232.00	32.40
20UPGPQ4611022	32.20	75.70	85.30	9.50	231.00	30.90
20UPGPQ4611024	31.70	77.70	84.80	10.50	229.50	30.90
20UPGPQ4611025	33.20	75.70	84.80	10.00	229.50	31.90
20UPGPQ4611026	31.70	76.20	83.30	10.00	223.50	30.90
20UPGPQ4611027	31.70	76.20	83.80	11.00	225.50	32.90
20UPGPQ4611029	33.70	77.20	82.80	11.00	229.00	34.40
20UPGPQ4611031	32.20	76.70	84.30	11.50	225.50	31.40
20UPGPQ4611032	31.20	77.70	84.30	11.50	225.50	31.90
20UPGPQ4611033	34.20	75.70	84.30	10.00	231.00	33.90
20UPGPQ4611034	30.70	77.70	84.30	11.50	226.50	31.90
20UPGPQ4611035	31.20	76.20	84.30	11.00	226.00	31.90
20UPGPQ4611037	34.70	80.20	87.30	9.50	235.00	30.90
20UPGPQ4611038	35.20	81.20	84.30	9.00	230.00	31.90
20UPGPQ4611039	35.20	82.20	84.80	10.00	230.50	32.40
20UPGPQ4611040	37.20	81.20	83.30	10.00	233.50	33.90
20UPGPQ4611041	34.70	81.70	85.30	9.00	231.50	29.90
20UPGPQ4611042	33.20	80.20	84.30	8.50	227.00	27.90
20UPGPQ4611043	31.20	81.20	84.30	10.50	228.00	30.40
20UPGPQ4611044	35.20	83.70	81.30	11.00	230.50	32.40
20UPGPQ4611045	31.20	82.20	82.30	12.50	227.00	31.40
20UPGPQ4611046	30.70	82.70	82.80	11.00	225.00	30.40
20UPGPQ4611047	29.70	82.70	83.30	11.50	225.50	29.40
20UPGPQ4611048	32.20	82.20	83.30	10.50	229.00	31.40
20UPGPQ4611049	33.20	82.20	81.80	12.50	228.00	32.90
20UPGPQ4611050	29.70	81.20	83.80	11.50	226.00	29.40
20UPGPQ4611052	32.20	83.20	83.80	10.50	225.50	28.40
20UPGPQ4611053	33.20	80.70	84.30	11.00	228.50	31.40
20UPGPQ4611054	31.70	81.20	84.30	10.50	223.50	29.40
20UPGPQ4611055	30.70	81.20	84.80	10.50	225.00	28.90
20UPGPQ4611056	31.20	83.70	83.30	10.50	226.00	29.90
20UPGPQ4611057	32.20	81.20	85.30	11.00	232.00	31.90
20UPGPQ4611058	32.70	79.20	83.80	10.00	227.50	30.40
20UPGPQ4611062	30.20	81.20	84.30	10.50	225.00	27.40
20UPGPQ4611063	32.20	79.70	83.80	10.00	224.00	27.40
20UPGPQ4611064	33.20	79.70	83.80	9.50	226.00	27.90
20UPGPQ4611065	31.20	83.20	83.80	11.50	227.50	31.40
20UPGPQ4611066	31.20	82.20	83.80	10.50	224.00	29.40
20UPGPQ4611067	31.70	80.20	84.80	9.00	226.00	27.90
20UPGPQ4611068	31.20	82.20	84.80	10.00	227.50	28.40
20UPGPQ4611069	32.70	81.70	84.30	11.50	230.00	30.90
20UPGPQ4611070	31.20	83.20	84.30	10.50	227.50	28.40
20UPGPQ4611072	32.20	84.20	83.80	10.50	229.00	30.90
20UPGPQ4611073	33.20	82.70	82.30	11.50	229.00	30.90
20UPGPQ4611074	32.20	96.70	85.30	9.50	226.50	27.40
20UPGPQ4611075	31.20	95.70	84.30	11.00	225.50	28.40
20UPGPQ4611076	32.20	95.20	82.80	11.50	224.50	29.40
20UPGPQ4611077	33.70	93.70	85.30	10.50	231.00	30.90
20UPGPQ4611078	31.70	93.20	83.80	11.00	226.50	30.40
20UPGPQ4611079	33.20	93.20	84.30	10.00	228.50	30.40
20UPGPQ4611080	31.70	92.70	84.80	10.00	227.50	29.40
20UPGPQ4611081	34.20	94.20	83.80	11.50	233.50	32.90
20UPGPQ4611082	33.70	92.20	83.80	11.00	230.50	31.90
20UPGPQ4611083	33.20	94.70	84.80	10.50	231.50	29.90
20UPGPQ4611084	33.70	93.20	84.80	11.00	231.00	32.40
20UPGPQ4611085	32.70	97.70	85.80	11.00	228.50	30.90
20UPGPQ4611086	32.70	114.20	86.80	9.50	228.00	28.90
20UPGPQ4611087	34.70	112.70	85.80	10.00	227.50	30.40
20UPGPQ4611088	33.20	112.70	86.80	10.00	230.00	29.90
20UPGPQ4611089	31.20	113.20	85.30	12.00	229.00	29.90
20UPGPQ4611090	32.20	113.70	84.80	11.00	226.50	28.40
20UPGPQ4611091	32.70	94.20	84.30	11.00	227.00	30.40
20UPGPQ4611092	33.20	95.70	84.30	11.50	228.00	29.90
20UPGPQ4611093	31.70	98.70	83.80	11.50	226.00	29.90
20UPGPQ4611094	32.20	112.20	85.80	10.00	226.50	27.90
20UPGPQ4611095	32.20	123.20	87.30	10.00	228.00	29.40
20UPGPQ4611096	34.20	119.70	87.30	9.50	232.00	28.90
20UPGPQ4611097	33.20	119.20	85.80	11.50	232.00	32.40
20UPGPQ4611098	32.70	121.20	85.80	11.50	228.50	30.40
20UPGPQ4611099	31.70	113.20	86.30	9.50	226.50	28.90
20UPGPQ4611100	31.70	112.20	87.30	9.50	228.50	28.90
20UPGPQ4611101	32.70	112.20	86.30	10.50	232.00	31.90
20UPGPQ4611102	33.70	113.20	86.30	10.00	227.00	29.40
20UPGPQ4611103	30.70	113.20	85.80	11.00	227.50	30.90
20UPGPQ4611104	32.20	93.20	86.30	9.00	228.00	28.90
20UPGPQ4611105	32.70	96.20	84.30	10.50	230.00	31.90
20UPGPQ4611106	31.20	94.20	85.30	9.50	227.00	28.90
20UPGPQ4611107	30.70	95.20	83.80	11.50	224.50	29.40
20UPGPQ4611108	31.70	93.20	85.30	10.00	225.50	26.90
20UPGPQ4611109	34.70	92.20	85.30	11.00	233.00	32.40
20UPGPQ4611110	32.70	94.70	85.30	11.00	231.00	31.90
20UPGPQ4611111	32.70	94.20	84.80	11.00	231.00	32.40
20UPGPQ4611112	34.20	96.20	83.80	11.50	231.00	32.90
20UPGPQ4611113	33.70	95.20	84.30	11.50	231.00	32.40
20UPGPQ4611114	32.70	112.70	85.80	10.00	229.50	31.90
20UPGPQ4611115	33.70	112.70	85.80	9.00	229.50	30.40
20UPGPQ4611116	32.20	110.70	85.80	10.50	229.50	29.90
20UPGPQ4611117	30.70	109.70	85.80	12.00	231.00	32.90
20UPGPQ4611118	32.20	110.20	86.30	10.00	228.50	30.90
20UPGPQ4611119	30.20	108.70	86.30	10.00	228.00	29.90
20UPGPQ4611120	31.70	108.20	84.30	12.00	226.50	30.90
20UPGPQ4611121	33.70	105.70	86.30	8.50	231.50	31.40
20UPGPQ4611122	32.20	108.20	84.80	10.50	226.00	30.40
20UPGPQ4611123	31.20	108.20	85.30	11.00	227.00	30.90
20UPGPQ4611124	32.20	106.70	86.80	9.50	230.50	31.90
20UPGPQ4611125	32.70	108.70	86.30	10.00	231.00	30.90
20UPGPQ4611126	32.70	107.20	86.30	8.50	226.00	30.40
20UPGPQ4611127	32.20	107.20	85.80	10.00	227.50	29.90
20UPGPQ4611128	33.20	106.70	86.80	8.50	230.00	30.40
20UPGPQ4611129	31.70	109.20	85.30	11.50	229.50	31.40
20UPGPQ4611132	30.70	107.20	86.30	11.00	228.50	29.90
20UPGPQ4611133	32.70	81.70	84.80	9.50	228.00	30.40
20UPGPQ4611134	31.20	82.20	82.80	10.50	224.50	30.40
20UPGPQ4611135	30.70	81.20	84.30	9.00	224.00	29.40
20UPGPQ4611136	29.70	82.70	82.30	13.50	224.00	32.90
20UPGPQ4611137	31.70	85.20	84.30	13.00	235.00	34.40
20UPGPQ4611138	29.20	84.20	84.30	11.50	225.00	31.40
20UPGPQ4611139	30.70	84.70	83.30	11.00	223.50	30.40
20UPGPQ4611140	29.70	82.70	84.80	9.50	224.50	28.90
20UPGPQ4611141	31.20	88.20	85.30	11.00	230.50	31.40
20UPGPQ4611142	30.70	87.70	84.80	10.50	226.00	31.40
20UPGPQ4611144	30.70	86.70	84.30	11.00	224.00	30.90
20UPGPQ4611146	33.20	89.20	84.30	9.50	225.00	29.90
20UPGPQ4611147	33.20	89.20	84.30	10.00	226.50	30.40
20UPGPQ4611149	33.70	86.70	84.80	10.50	228.50	29.90
20UPGPQ4611150	32.20	89.70	83.30	11.00	224.00	29.90
20UPGPQ4611152	32.70	88.70	83.30	12.00	227.50	32.40
20UPGPQ4611153	32.70	90.20	82.80	12.00	227.00	31.90
20UPGPQ4611154	32.70	88.20	84.30	10.00	225.00	30.40
20UPGPQ4611155	31.70	88.20	83.30	11.00	223.00	31.40
20UPGPQ4611156	33.20	88.20	83.80	10.00	226.50	28.90
20UPGPQ4611157	35.20	86.20	84.30	10.00	232.00	32.40
20UPGPQ4611158	33.20	88.20	83.30	11.00	229.00	33.40
20UPGPQ4611159	32.20	87.20	83.30	10.00	227.50	30.90
20UPGPQ4611160	32.70	88.70	83.30	10.00	227.00	29.90
20UPGPQ4611161	35.20	86.20	84.30	10.50	232.50	32.90
20UPGPQ4611162	32.20	89.20	82.80	12.00	226.50	31.90
20UPGPQ4611163	32.20	87.20	82.80	11.50	226.50	30.90
20UPGPQ4611164	31.70	89.70	82.30	12.50	227.50	32.90
20UPGPQ4611165	34.70	88.20	84.30	10.50	233.00	33.90
20UPGPQ4611166	32.70	88.70	83.80	10.50	230.50	30.90
20UPGPQ4611167	31.20	87.70	82.30	12.50	226.00	31.90
20UPGPQ4611168	31.70	86.70	82.80	12.00	226.50	31.40
20UPGPQ4611169	34.70	87.20	82.80	11.00	229.00	31.90
20UPGPQ4611170	34.20	89.20	84.30	10.00	228.00	30.40
20UPGPQ4611171	33.20	86.70	83.30	10.00	227.50	31.40
20UPGPQ4611172	34.20	87.70	82.80	12.50	229.50	33.90
20UPGPQ4611173	33.70	86.20	84.30	10.00	229.50	30.90
20UPGPQ4611174	33.70	87.20	83.80	9.50	226.50	29.40
20UPGPQ4611175	34.20	87.20	84.80	10.00	227.50	29.90
20UPGPQ4611176	34.70	89.20	84.80	9.50	229.50	29.90
20UPGPQ4611177	35.20	87.70	82.80	10.50	227.50	32.40
20UPGPQ4611178	31.70	87.70	83.80	11.50	226.50	30.40
20UPGPQ4611179	34.20	88.70	84.80	10.00	227.00	29.90
20UPGPQ4611180	33.20	87.70	83.80	11.50	228.50	30.40
20UPGPQ4611181	32.70	87.70	83.80	10.00	227.50	30.40
20UPGPQ4611182	32.20	88.20	84.30	9.50	225.50	29.40
20UPGPQ4611183	32.20	94.20	84.80	10.00	225.50	29.90
20UPGPQ4611185	35.70	94.20	83.80	10.50	229.50	32.40
20UPGPQ4611186	33.20	93.70	83.80	10.00	226.50	29.90
20UPGPQ4611187	32.70	94.20	83.30	11.00	227.00	29.90
20UPGPQ4611188	34.20	94.70	83.80	10.00	230.50	31.40
20UPGPQ4611189	35.20	96.20	83.30	11.00	236.00	32.90
20UPGPQ4611190	35.20	94.70	85.30	8.50	232.00	29.90
20UPGPQ4611191	34.20	93.70	84.80	11.00	233.00	30.90
20UPGPQ4611192	34.70	93.70	84.30	9.50	235.00	32.90
20UPGPQ4611193	34.20	93.20	83.30	10.00	230.00	31.90
20UPGPQ4611194	32.70	94.70	83.80	11.00	226.50	30.40
20UPGPQ4611195	33.20	94.20	83.30	10.50	226.00	31.90
20UPGPQ4611196	33.20	94.20	82.80	10.50	223.50	29.40
20UPGPQ4611197	33.70	93.70	84.30	11.00	230.50	31.90
20UPGPQ4611198	33.70	94.70	84.30	10.50	228.00	31.40
20UPGPQ4611199	29.70	93.20	84.80	11.50	227.50	31.40
20UPGPQ4611200	32.70	95.20	83.30	11.50	227.50	32.40
20UPGPQ4611201	35.20	94.70	83.30	12.00	233.50	33.90
20UPGPQ4611202	34.20	95.20	82.80	10.50	230.50	33.90
20UPGPQ4611203	33.70	94.70	84.30	11.50	232.00	32.40
20UPGPQ4611204	35.20	94.70	84.30	8.50	230.50	31.40
20UPGPQ4611205	33.70	94.20	85.30	9.50	227.50	29.90
20UPGPQ4611206	30.70	92.20	84.80	11.00	225.00	27.90
20UPGPQ4611208	33.20	94.70	84.30	10.50	228.50	30.40
20UPGPQ4611209	31.70	93.20	84.30	11.00	227.50	30.40
20UPGPQ4611210	31.70	91.70	86.80	8.50	225.50	28.90
20UPGPQ4611211	32.20	95.70	84.80	10.50	226.00	30.90
20UPGPQ4611212	32.70	94.70	84.80	9.50	229.00	30.90
20UPGPQ4611213	34.20	93.70	84.80	10.00	229.00	31.90
20UPGPQ4611216	32.70	93.70	84.80	10.00	230.50	30.90
20UPGPQ4611217	32.70	92.70	85.30	9.50	228.50	29.90
20UPGPQ4611218	30.70	93.20	83.80	10.00	223.00	28.90
20UPGPQ4611219	30.70	92.20	84.80	10.00	225.00	28.40
20UPGPQ4611220	31.70	92.70	84.30	10.50	227.00	30.40
20UPGPQ4611221	33.20	92.70	84.80	10.50	231.00	32.90
20UPGPQ4611222	31.20	92.70	84.30	10.00	226.00	30.40
20UPGPQ4611223	31.70	93.20	84.30	10.00	226.50	30.40
20UPGPQ4611224	33.20	90.70	84.80	10.00	230.50	30.90
20UPGPQ4611225	35.20	92.20	85.30	10.50	235.00	32.40
20UPGPQ4611226	33.70	93.20	84.80	9.50	231.50	31.40
20UPGPQ4611227	32.70	91.70	85.30	9.50	232.50	30.90
20UPGPQ4611228	34.70	92.70	84.30	10.00	234.50	32.90
20UPGPQ4611229	33.70	92.70	84.30	8.50	227.50	29.90
20UPGPQ4611230	32.70	89.70	84.30	8.50	225.00	28.90
20UPGPQ4611231	29.70	91.70	84.30	10.50	224.50	29.40
20UPGPQ4611232	31.70	90.20	82.80	10.00	223.50	29.90
20UPGPQ4611233	32.70	90.20	85.30	10.00	229.50	30.90
20UPGPQ4611234	31.70	90.20	84.80	9.50	227.00	29.90
20UPGPQ4611235	32.20	90.20	84.30	10.00	227.00	30.90
20UPGPQ4611236	31.20	89.20	83.30	10.50	226.00	30.40
20UPGPQ4611237	35.70	90.70	84.30	10.00	233.50	32.90
20UPGPQ4611238	32.20	87.70	84.30	10.50	230.50	30.90
20UPGPQ4611239	32.20	91.70	84.30	11.00	230.50	31.90
20UPGPQ4611240	33.20	88.70	83.80	10.00	231.00	31.90
20UPGPQ4611241	34.20	89.70	82.30	11.00	226.00	30.90
20UPGPQ4611242	31.70	87.70	83.30	10.00	225.00	28.90
20UPGPQ4611243	31.70	90.20	82.80	11.00	225.50	28.90
20UPGPQ4611244	32.70	90.20	82.30	11.50	227.00	31.40
20UPGPQ4611245	33.70	89.20	83.80	11.00	228.50	29.90
20UPGPQ4611246	33.20	89.70	84.30	10.00	226.50	28.90
20UPGPQ4611247	32.20	89.20	133.80	10.50	277.00	29.40
20UPGPQ4611248	34.20	88.20	84.30	10.00	230.00	30.90
20UPGPQ4611249	34.70	90.70	84.30	10.00	231.00	31.40
20UPGPQ4611251	32.70	91.20	91.30	11.50	239.50	31.40
20UPGPQ4611252	34.20	89.20	83.80	10.00	232.50	32.40
20UPGPQ4612013	33.20	78.70	84.30	9.00	227.00	26.90
20UPGPQ4612014	32.20	79.20	83.30	10.00	223.50	27.40
20UPGPQ4612015	31.70	76.20	84.30	9.50	226.50	27.90
20UPGPQ4612016	34.20	79.20	82.80	10.50	226.00	29.40
20UPGPQ4612017	34.70	79.70	83.80	10.00	227.50	29.40
20UPGPQ4612019	31.70	79.20	83.80	10.50	225.00	28.40
20UPGPQ4612020	31.70	76.70	83.80	11.00	227.00	28.90
20UPGPQ4612021	32.70	79.70	84.80	10.00	228.00	28.90
20UPGPQ4612022	32.20	79.20	85.80	9.50	225.50	27.40
20UPGPQ4612023	33.20	79.70	84.30	9.50	226.00	28.90
20UPGPQ4612024	33.70	90.20	84.80	10.00	226.50	29.40
20UPGPQ4612025	34.20	89.70	83.80	11.50	229.50	31.90
20UPGPQ4612027	31.20	87.20	82.80	12.50	230.00	30.40
20UPGPQ4612028	32.20	89.20	83.30	11.50	224.50	29.90
20UPGPQ4612029	31.70	88.70	84.80	11.00	228.50	30.40
20UPGPQ4612030	32.20	90.70	82.30	12.00	223.00	29.90
20UPGPQ4612031	32.20	89.20	82.80	10.50	224.00	28.40
20UPGPQ4612032	31.70	90.20	82.30	11.50	224.00	28.90
20UPGPQ4612034	32.70	90.20	84.30	9.50	225.50	27.90
20UPGPQ4612035	31.70	90.70	82.30	11.50	223.00	27.90
20UPGPQ4612036	31.20	90.20	83.80	10.00	224.00	27.40
20UPGPQ4612038	31.20	89.70	84.30	10.50	225.50	28.40
20UPGPQ4612039	31.70	91.20	83.80	10.00	225.50	28.40
20UPGPQ4612040	31.70	88.70	84.80	9.00	225.50	27.40
20UPGPQ4612041	35.20	88.20	85.30	9.00	231.00	30.40
20UPGPQ4612042	31.20	88.20	84.30	11.00	226.00	30.90
20UPGPQ4612044	30.70	86.20	84.30	10.50	226.50	29.90
20UPGPQ4612045	34.20	87.70	84.30	9.50	232.50	31.40
20UPGPQ4612046	33.70	88.70	84.80	10.00	230.00	30.40
20UPGPQ4612047	33.20	91.20	84.30	11.00	228.50	30.40
20UPGPQ4612048	33.20	89.20	84.30	10.50	229.00	30.90
20UPGPQ4612049	33.20	89.20	84.30	11.00	230.50	30.40
20UPGPQ4612051	31.70	88.70	83.80	9.50	226.00	29.40
20UPGPQ4612053	33.70	89.20	84.80	11.50	232.50	33.40
20UPGPQ4612054	31.20	89.20	84.30	11.50	227.00	31.40
20UPGPQ4612056	32.20	90.70	83.80	12.50	228.00	32.90
20UPGPQ4612057	33.70	92.20	81.80	13.50	233.00	35.90
20UPGPQ4612059	31.70	88.70	84.30	10.00	228.00	30.90
20UPGPQ4612063	32.70	89.70	83.80	9.50	224.50	27.40
20UPGPQ4612064	31.70	88.20	85.80	9.00	225.00	26.40
20UPGPQ4612065	35.20	89.20	84.30	9.50	229.50	32.90
20UPGPQ4612066	32.20	90.20	83.80	10.50	225.50	30.90
20UPGPQ4612070	31.20	89.70	85.30	10.50	229.50	31.40
20UPGPQ4612071	33.20	89.70	84.30	10.00	228.50	31.40
20UPGPQ4612073	33.20	87.20	85.30	9.50	230.50	29.90
20UPGPQ4612074	32.70	88.70	84.30	10.50	227.00	30.90
20UPGPQ4612075	33.70	89.70	83.80	10.00	228.00	31.90
20UPGPQ4612076	36.20	89.70	84.80	9.50	232.00	32.90
20UPGPQ4612077	33.20	88.20	84.30	11.00	227.50	32.40
20UPGPQ4612078	32.20	90.20	83.80	10.50	225.50	30.90
20UPGPQ4612079	32.20	90.70	83.30	11.00	228.00	30.40
20UPGPQ4612081	31.70	90.20	83.80	11.00	226.00	29.90
20UPGPQ4612082	32.20	90.70	84.80	9.50	225.00	29.90
20UPGPQ4612083	32.70	88.70	84.80	9.00	225.50	29.40
20UPGPQ4612084	32.70	89.70	85.30	10.50	228.50	29.40
20UPGPQ4612086	33.20	90.20	83.30	11.50	226.50	31.40
20UPGPQ4612088	33.20	90.20	83.80	11.00	227.50	30.40
20UPGPQ4612089	36.20	89.20	83.80	10.50	230.00	32.90
20UPGPQ4612090	34.20	90.20	83.80	10.00	225.50	31.40
20UPGPQ4612091	31.70	88.70	85.30	10.50	226.00	30.40
20UPGPQ4612092	32.70	88.70	83.30	11.00	226.00	31.90
20UPGPQ4612093	32.70	90.70	83.30	12.00	230.00	32.40
20UPGPQ4612094	31.20	89.20	84.80	10.00	226.50	29.40
20UPGPQ4612095	32.70	90.70	84.30	11.00	225.00	30.40
20UPGPQ4612096	32.70	89.70	87.80	10.00	229.50	29.90
20UPGPQ4612097	33.20	91.20	83.80	11.00	230.00	30.90
20UPGPQ4612098	30.70	89.70	83.80	11.50	227.00	29.90
20UPGPQ4612099	32.70	89.70	86.80	10.00	228.00	29.40
20UPGPQ4612103	32.20	89.70	84.30	11.50	226.00	29.90
20UPGPQ4612104	31.70	91.70	82.30	12.50	226.50	31.40
20UPGPQ4612105	33.20	90.70	83.80	11.50	230.50	32.40
20UPGPQ4612106	31.20	88.20	84.80	10.50	227.00	29.90
20UPGPQ4612107	31.70	90.20	85.30	10.50	225.50	27.90
20UPGPQ4612108	31.70	89.70	83.30	10.50	225.50	28.90
20UPGPQ4612109	32.70	90.70	82.80	10.50	224.50	28.90
20UPGPQ4612110	31.70	90.70	82.80	11.00	223.00	28.40
20UPGPQ4612111	32.20	90.20	84.30	9.50	223.50	25.90
20UPGPQ4612112	32.70	90.70	84.30	10.50	225.00	27.40
20UPGPQ4612113	32.70	90.70	83.30	11.50	227.00	30.90
20UPGPQ4612114	31.20	90.20	83.30	11.50	224.00	29.90
20UPGPQ4612115	30.20	89.70	87.30	10.50	227.50	28.40
20UPGPQ4612116	33.70	91.70	83.30	10.00	226.00	29.90
20UPGPQ4612118	32.70	91.20	84.80	10.50	229.00	29.90
20UPGPQ4612120	34.70	92.20	84.30	10.50	232.00	30.40
20UPGPQ4612121	32.70	91.70	83.80	11.00	228.00	31.40
20UPGPQ4612123	32.20	91.70	83.80	10.50	226.50	30.90
20UPGPQ4612124	33.70	91.20	83.30	10.00	229.50	32.90
20UPGPQ4612125	33.70	90.20	83.80	11.00	229.00	31.90
20UPGPQ4612126	31.70	90.70	83.30	11.50	226.50	33.40
20UPGPQ4612127	30.70	91.20	84.80	11.00	228.00	31.40
20UPGPQ4612129	34.20	92.20	82.80	11.00	230.00	32.90
20UPGPQ4612130	32.70	51.70	81.30	11.00	225.50	31.40
20UPGPQ4612131	32.20	56.20	82.80	10.00	227.00	30.90
20UPGPQ4612132	32.70	53.70	82.80	10.50	230.00	31.90
20UPGPQ4614014	32.20	81.20	83.30	12.50	227.00	31.90
20UPGPQ4614015	30.70	77.70	84.80	11.50	226.50	31.40
20UPGPQ4614017	32.70	81.20	83.80	12.00	227.50	30.90
20UPGPQ4614018	30.20	80.20	83.80	12.50	225.50	30.90
20UPGPQ4614019	31.70	80.20	83.30	12.50	225.50	30.40
20UPGPQ4614020	33.20	82.20	83.30	11.50	229.00	32.40
20UPGPQ4614021	31.70	81.70	83.30	12.00	226.50	31.90
20UPGPQ4614051	32.20	97.20	84.30	12.50	230.00	33.90
20UPGPQ4614058	31.70	97.20	82.80	13.50	226.00	30.40
20UPGPQ4614059	31.70	96.20	84.30	12.00	225.00	28.90
20UPGPQ4614113	32.20	95.20	84.30	12.00	228.50	32.90
20UPGPQ4614122	29.20	96.20	85.80	11.50	228.50	29.90
20UPGPQ4614171	28.70	96.20	90.80	12.50	233.50	31.40
20UPGPQ4615025	24.70	80.70	77.80	9.50	212.50	28.90
20UPGPQ4615027	35.70	96.70	84.80	12.50	232.00	32.90
20UPGPQ4615029	33.70	98.20	116.30	12.50	261.00	29.90
20UPGPQ4615030	32.20	96.70	84.80	13.00	227.50	30.40
20UPGPQ4615032	34.20	95.70	85.30	12.50	232.50	32.40
20UPGPQ4615037	35.20	94.70	85.30	11.50	233.50	35.40
20UPGPQ4615038	32.20	98.70	85.30	12.00	229.50	31.90
20UPGPQ4615041	31.70	95.20	85.30	13.50	233.00	33.90
20UPGPQ4615042	30.20	99.20	84.30	13.00	227.50	30.90
20UPGPQ4615043	32.20	96.70	85.30	12.00	227.00	30.90
20UPGPQ4615044	31.20	96.70	84.80	12.50	226.50	30.90
20UPGPQ4615045	34.20	95.20	84.30	12.00	231.50	34.40
20UPGPQ4615046	31.20	95.70	85.30	12.00	226.50	29.90
20UPGPQ4615047	32.70	96.20	83.80	11.50	226.00	30.40
20UPGPQ4615049	32.20	97.20	85.80	13.00	233.00	31.90
20UPGPQ4615057	35.20	97.70	84.80	12.50	234.50	35.90
20UPGPQ4615062	31.20	94.20	84.80	13.00	226.00	27.90
20UPGPQ4615073	34.20	95.70	84.30	13.00	230.50	31.90
20UPGPQ4615077	33.70	96.20	86.80	13.00	234.50	31.90
20UPGPQ4615078	32.20	96.70	86.30	11.50	229.50	30.90
20UPGPQ4615081	34.70	96.70	85.80	12.50	235.00	32.40
20UPGPQ4615082	33.20	98.20	84.30	12.50	231.50	31.90
20UPGPQ4615083	34.70	97.20	84.80	10.50	231.00	30.90
20UPGPQ4615084	33.20	96.70	84.30	12.50	230.50	31.90
20UPGPQ4615085	36.20	97.20	84.80	11.50	231.50	32.40
20UPGPQ4615086	33.20	94.70	85.80	12.00	229.50	30.90
20UPGPQ4615090	33.70	96.20	85.80	12.50	229.00	30.90
20UPGPQ4615106	33.70	97.70	84.80	13.00	232.50	31.90
20UPGPQ4615113	32.20	97.20	84.80	14.50	229.50	32.90
20UPGPQ4615245	33.20	95.70	84.80	12.50	232.00	34.40
20UPGPQ4616016	36.20	80.70	82.80	10.00	231.00	33.40
20UPGPQ4616021	31.70	81.20	83.30	11.50	229.00	30.40
20UPGPQ4616024	32.20	81.70	82.80	12.00	229.50	30.90
20UPGPQ4616026	31.20	81.70	82.80	11.00	226.00	29.90
20UPGPQ4616028	31.70	80.70	81.80	12.00	225.00	28.40
20UPGPQ4616030	31.70	79.20	83.80	11.00	226.50	28.90
20UPGPQ4616031	31.20	79.20	84.30	11.00	226.00	28.40
20UPGPQ4616032	29.70	79.20	83.80	12.00	226.50	29.90
20UPGPQ4616034	32.20	78.70	84.30	11.00	231.50	29.90
20UPGPQ4616039	33.20	96.70	84.80	10.50	228.50	30.90
20UPGPQ4616040	33.70	97.70	85.80	10.50	229.00	30.40
20UPGPQ4616043	31.20	99.20	84.80	12.00	229.00	30.40
20UPGPQ4616044	30.70	99.20	85.30	12.50	229.00	31.40
20UPGPQ4616045	33.70	98.20	85.30	12.00	235.50	33.90
20UPGPQ4616046	30.70	96.70	85.80	12.00	230.00	32.40
20UPGPQ4616049	35.20	97.20	84.80	11.50	233.50	30.90
20UPGPQ4616050	32.70	99.20	83.30	12.00	229.00	29.90
20UPGPQ4616051	32.20	97.20	85.30	11.50	228.50	28.90
20UPGPQ4616052	32.20	94.20	86.80	10.50	229.00	27.40
20UPGPQ4616053	35.20	97.70	84.30	12.00	233.00	34.40
20UPGPQ4616054	32.20	94.20	84.80	12.00	230.00	31.90
20UPGPQ4616055	32.20	96.20	85.30	12.00	229.50	30.40
20UPGPQ4616056	32.20	96.70	86.30	11.00	231.00	28.40
20UPGPQ4616057	34.70	99.20	84.30	13.50	238.00	35.90
20UPGPQ4616060	31.70	95.70	85.30	13.00	235.00	31.40
20UPGPQ4616061	32.20	96.20	84.80	13.00	230.50	30.90
20UPGPQ4616063	33.70	97.70	85.30	11.50	229.50	28.40
20UPGPQ4616066	34.20	96.70	85.80	11.50	231.50	30.90
20UPGPQ4616067	32.20	96.70	85.80	11.50	230.00	28.40
20UPGPQ4616068	34.70	96.70	84.80	13.00	234.00	31.40
20UPGPQ4616069	33.70	96.70	85.30	11.50	235.50	32.90
20UPGPQ4616072	34.70	95.70	86.30	11.50	237.50	31.90
20UPGPQ4616074	32.20	96.70	85.30	11.00	229.00	30.90
20UPGPQ4616075	29.20	98.20	86.80	11.00	228.50	28.90
20UPGPQ4616076	32.70	98.70	88.80	11.00	234.50	30.90
20UPGPQ4616077	34.20	97.70	83.80	12.50	234.50	34.90
20UPGPQ4616078	31.20	98.20	86.30	11.00	232.50	32.40
20UPGPQ4616079	29.70	97.70	84.80	12.00	230.50	31.90
20UPGPQ4616080	31.20	97.20	85.30	11.50	230.00	32.40
20UPGPQ4616081	32.70	100.70	84.30	14.50	238.50	35.90
20UPGPQ4616083	31.70	99.20	84.30	13.00	233.00	33.40
20UPGPQ4616084	30.70	99.20	84.80	13.00	234.00	33.40
20UPGPQ4616085	33.20	96.70	85.80	11.00	231.00	29.40
20UPGPQ4616086	32.20	97.70	84.80	12.50	228.50	30.40
20UPGPQ4616087	32.70	99.70	84.80	11.50	228.00	29.40
20UPGPQ4616088	33.70	96.20	85.80	11.00	232.00	29.90
20UPGPQ4616089	33.70	95.70	85.30	11.00	232.00	29.40
20UPGPQ4616090	31.70	99.20	85.80	12.00	230.50	28.90
20UPGPQ4616091	31.20	98.20	86.30	12.00	231.00	28.90
20UPGPQ4616092	32.20	95.70	87.30	11.00	232.50	28.40
20UPGPQ4616093	31.70	96.20	86.30	12.00	230.50	29.90
20UPGPQ4616094	31.70	96.70	86.30	11.00	228.00	28.40
20UPGPQ4616095	32.70	96.70	86.80	11.50	229.50	28.40
20UPGPQ4616097	35.70	97.20	85.80	10.50	234.00	31.40
20UPGPQ4616098	34.20	97.70	85.30	9.50	229.50	29.90
20UPGPQ4616099	32.20	98.20	86.30	10.50	228.50	29.40
20UPGPQ4616100	33.20	96.20	87.30	10.50	230.50	27.40
20UPGPQ4616102	33.20	97.20	85.80	11.00	230.50	29.90
20UPGPQ4616103	32.20	97.70	85.30	11.50	230.50	28.90
20UPGPQ4616104	31.70	98.20	84.80	11.00	228.00	28.40
20UPGPQ4616105	32.70	97.20	86.30	12.00	236.00	33.90
20UPGPQ4616108	32.20	99.20	84.80	12.00	228.00	29.90
20UPGPQ4616109	36.70	97.70	85.80	9.00	231.00	28.90
20UPGPQ4616110	35.70	99.20	84.80	11.00	231.00	29.40
20UPGPQ4616112	37.70	97.70	87.30	10.00	235.50	31.40
20UPGPQ4616113	33.70	97.70	120.30	11.50	266.50	29.40
20UPGPQ4616114	33.70	97.70	85.80	11.50	228.50	27.40
20UPGPQ4616115	31.70	95.70	86.30	11.50	229.50	27.90
20UPGPQ4616117	33.70	98.70	85.80	11.50	229.50	29.90
20UPGPQ4616118	32.70	98.70	85.80	12.00	229.00	28.90
20UPGPQ4616120	33.20	96.70	86.30	12.00	232.00	29.90
20UPGPQ4616121	37.70	96.70	85.30	10.50	234.50	32.90
20UPGPQ4616122	32.70	96.70	85.80	12.00	230.50	29.40
20UPGPQ4616123	33.20	97.20	84.30	12.50	231.00	30.40
20UPGPQ4616125	35.70	97.20	84.30	12.50	235.50	32.90
20UPGPQ4616126	32.70	95.70	84.80	13.00	230.50	30.90
20UPGPQ4616127	33.20	98.70	85.80	12.00	231.50	28.40
20UPGPQ4616128	34.20	96.20	85.30	12.00	230.50	29.40
20UPGPQ4616130	34.20	98.20	85.80	11.50	231.00	28.90
20UPGPQ4616131	33.70	98.70	84.80	13.50	231.50	30.40
20UPGPQ4616132	32.70	96.20	86.30	12.00	231.50	29.40
20UPGPQ4616133	35.20	96.20	85.30	10.50	234.50	32.90
20UPGPQ4616134	34.20	94.70	85.30	11.00	231.00	32.90
20UPGPQ4616135	33.20	96.20	86.30	9.50	231.50	31.40
20UPGPQ4616136	32.70	98.70	84.80	12.50	231.00	32.40
20UPGPQ4616137	36.20	97.20	84.80	10.50	234.50	32.90
20UPGPQ4616138	31.70	95.70	86.30	12.00	230.50	31.40
20UPGPQ4616139	32.20	97.20	85.80	11.50	230.50	30.90
20UPGPQ4616140	32.70	96.20	85.80	11.50	231.00	29.40
20UPGPQ4616141	34.70	98.20	86.30	10.50	234.50	32.90
20UPGPQ4616142	32.20	97.70	85.80	11.00	231.00	30.90
20UPGPQ4616143	32.20	95.70	86.30	11.00	229.50	29.40
20UPGPQ4616144	31.70	98.20	85.80	12.00	228.00	29.90
20UPGPQ4616145	34.70	95.70	85.30	10.00	232.00	31.40
20UPGPQ4616146	32.70	96.20	85.80	10.50	229.00	28.90
20UPGPQ4616150	31.20	95.20	85.30	12.00	228.00	29.90
20UPGPQ4616151	32.20	97.70	85.30	12.50	230.00	29.40
20UPGPQ4616153	32.70	96.70	86.30	11.50	231.50	31.90
20UPGPQ4616154	31.20	98.70	84.80	11.50	227.50	29.40
20UPGPQ4616161	34.20	97.20	85.30	12.00	231.50	29.90
20UPGPQ4616162	31.70	97.20	85.30	11.00	228.00	28.90
20UPGPQ4616163	34.20	98.20	85.80	10.00	229.50	27.90
20UPGPQ4616164	32.70	97.70	85.80	11.00	231.50	29.40
20UPGPQ4616165	32.70	97.20	86.30	11.00	230.00	29.90
20UPGPQ4616166	32.20	99.20	84.80	12.50	228.00	28.90
20UPGPQ4616167	33.20	97.70	85.80	11.00	228.00	28.40
20UPGPQ4616168	33.20	96.70	86.30	10.50	231.00	28.90
20UPGPQ4616169	33.70	99.20	84.30	12.50	231.50	32.90
20UPGPQ4616170	31.20	97.70	86.80	11.50	230.00	28.40
20UPGPQ4616171	33.70	96.20	86.30	10.50	228.00	28.90
20UPGPQ4616172	32.70	96.20	85.80	11.00	228.00	27.90
20UPGPQ4616173	33.70	98.70	84.80	13.00	233.00	32.40
20UPGPQ4616174	32.70	97.70	85.30	11.50	229.50	29.40
20UPGPQ4616175	32.70	96.70	85.80	11.50	228.00	29.40
20UPGPQ4616176	33.20	95.70	85.80	10.50	228.00	28.40
20UPGPQ4616177	34.70	98.20	85.30	12.00	234.50	32.40
20UPGPQ4616178	31.70	94.70	86.30	11.50	229.50	28.90
20UPGPQ4616179	33.20	97.70	95.80	11.00	240.50	30.40
20UPGPQ4616180	31.20	87.20	85.30	11.50	229.00	28.90
20UPGPQ4616182	32.70	97.70	84.80	11.50	229.00	30.40
20UPGPQ4616183	33.20	97.70	86.30	10.50	229.50	28.90
20UPGPQ4616187	32.70	96.70	86.80	12.00	233.00	29.90
20UPGPQ4616188	33.20	96.70	85.80	11.50	234.00	31.40
20UPGPQ4616192	35.70	97.70	88.80	12.00	241.00	31.90
20UPGPQ4616193	34.70	96.20	85.30	11.50	235.50	31.40
20UPGPQ4616195	31.70	95.70	85.30	11.50	228.50	28.90
20UPGPQ4616198	32.20	96.70	86.30	12.00	233.50	29.90
20UPGPQ4616201	33.70	96.70	86.80	12.00	237.50	33.90
20UPGPQ4616202	32.70	95.20	87.80	10.00	237.00	30.90
20UPGPQ4616205	33.20	96.70	85.80	11.00	230.50	29.40
20UPGPQ4616206	32.20	95.20	86.30	11.00	230.00	28.90
20UPGPQ4616207	31.20	96.70	86.80	11.50	228.50	28.40
20UPGPQ4616208	34.20	97.20	85.80	10.50	232.50	30.90
20UPGPQ4616209	31.20	97.20	85.80	11.50	230.00	30.40
20UPGPQ4616210	33.20	98.20	85.80	10.00	229.50	29.90
20UPGPQ4616211	30.70	97.20	85.80	12.00	229.50	30.90
20UPGPQ4616213	33.20	96.20	86.30	11.00	231.50	31.90
20UPGPQ4616215	31.70	96.70	85.80	12.50	232.00	30.40
20UPGPQ4616216	33.70	97.70	85.80	12.00	234.00	32.40
20UPGPQ4616217	33.70	97.70	85.30	11.50	230.50	30.90
20UPGPQ4616218	32.70	95.20	85.30	11.00	228.50	28.40
20UPGPQ4616219	31.70	96.70	89.30	11.50	231.50	27.40
20UPGPQ4616220	32.20	93.70	86.80	10.50	231.50	27.40
20UPGPQ4616221	32.20	96.70	86.80	11.50	233.50	30.40
20UPGPQ4616222	31.70	96.20	85.30	11.50	230.00	30.40
20UPGPQ4616223	31.70	96.20	85.30	12.00	230.50	29.90
20UPGPQ4616224	32.70	95.70	85.80	12.00	232.50	30.90
20UPGPQ4616225	33.70	99.20	85.30	13.00	236.00	33.40
20UPGPQ4616226	32.70	96.70	85.30	12.00	233.00	31.40
20UPGPQ4616227	32.70	97.70	84.80	12.50	234.00	32.90
20UPGPQ4616228	35.20	95.70	85.30	12.00	237.00	33.40
20UPGPQ4616229	34.70	97.70	85.30	12.50	235.50	31.90
20UPGPQ4616230	33.20	96.70	85.30	11.00	230.50	29.40
20UPGPQ4616231	31.70	98.70	85.30	12.00	228.50	29.90
20UPGPQ4616233	35.20	97.20	86.80	11.00	235.00	32.40
20UPGPQ4616235	32.20	97.20	85.80	12.00	230.50	29.90
20UPGPQ4616236	31.70	96.20	85.80	11.50	231.50	29.90
20UPGPQ4616237	35.20	97.70	86.80	11.50	238.50	32.40
20UPGPQ4616238	33.70	96.70	87.30	10.50	235.50	30.90
20UPGPQ4616239	32.20	96.70	85.80	11.50	233.00	30.40
20UPGPQ4616240	34.20	95.70	86.30	10.50	233.00	29.90
20UPGPQ4616241	32.20	98.20	85.80	10.50	230.00	29.90
20UPGPQ4616242	31.20	98.70	85.30	12.00	230.00	30.40
20UPGPQ4616243	31.70	97.20	84.80	12.50	230.00	29.90
20UPGPQ4616245	33.20	95.70	87.30	10.00	232.50	30.90
20UPGPQ4616246	31.20	97.70	86.30	11.50	234.00	31.40
20UPGPQ4616248	31.70	88.70	91.80	11.00	238.50	31.90
20UPGPQ4616249	33.70	88.70	85.80	10.50	233.00	32.40
20UPGPQ4616250	32.70	89.20	85.30	11.50	233.50	32.90
20UPGPQ4617013	30.70	79.20	83.80	13.50	229.00	29.90
20UPGPQ4617015	31.20	80.70	84.30	12.00	227.50	27.40
20UPGPQ4617016	34.20	81.20	83.80	12.00	229.00	28.90
20UPGPQ4617017	30.70	79.70	84.30	12.50	229.50	30.40
20UPGPQ4617021	32.70	79.70	84.30	11.50	231.00	30.40
20UPGPQ4617022	32.70	82.70	82.30	12.00	229.50	30.90
20UPGPQ4617023	34.20	81.20	83.30	10.50	230.00	29.90
20UPGPQ4617024	33.70	81.70	83.80	11.00	232.50	28.90
20UPGPQ4617025	33.20	81.70	82.80	12.50	232.00	32.40
20UPGPQ4617026	31.20	81.20	83.30	13.50	228.00	31.90
20UPGPQ4617028	34.20	88.20	85.80	11.50	230.50	30.90
20UPGPQ4617030	32.20	88.70	84.80	12.00	227.50	29.90
20UPGPQ4617032	31.20	89.20	86.30	11.00	228.00	26.40
20UPGPQ4617033	33.20	87.70	85.30	12.00	232.00	32.40
20UPGPQ4617034	32.20	90.70	83.80	13.00	227.00	31.40
20UPGPQ4617035	32.20	88.20	85.80	11.00	227.50	27.90
20UPGPQ4617036	31.70	87.20	86.30	10.50	227.00	27.90
20UPGPQ4617038	30.70	88.70	85.80	11.50	230.50	29.40
20UPGPQ4617039	30.70	87.20	84.80	12.00	229.00	30.40
20UPGPQ4617041	33.70	87.20	85.30	11.00	232.50	32.90
20UPGPQ4617042	32.70	88.20	85.80	10.50	230.00	30.90
20UPGPQ4617047	33.70	87.20	84.80	11.50	233.50	32.40
20UPGPQ4617050	32.20	88.20	83.30	12.00	228.50	29.40
20UPGPQ4617051	33.70	87.20	85.80	9.50	229.00	27.90
20UPGPQ4617053	33.70	87.70	84.80	12.00	234.50	33.40
20UPGPQ4617054	32.70	86.20	83.80	12.00	230.00	30.40
20UPGPQ4617056	35.20	86.20	85.30	11.50	236.00	32.40
20UPGPQ4617058	36.20	86.70	83.80	11.00	235.00	32.90
20UPGPQ4617059	35.70	90.20	82.30	12.50	234.50	32.90
20UPGPQ4617061	33.70	89.20	84.80	12.00	234.00	31.90
20UPGPQ4617062	31.70	88.70	85.30	10.50	228.50	28.90
20UPGPQ4617063	30.20	87.70	83.80	12.50	228.50	28.40
20UPGPQ4617064	29.70	87.20	83.80	12.50	227.50	26.90
20UPGPQ4617065	32.70	86.20	84.80	13.00	233.00	33.40
20UPGPQ4617066	28.20	87.70	84.80	12.00	229.00	30.40
20UPGPQ4617067	30.70	89.20	84.80	11.50	229.00	29.40
20UPGPQ4617069	32.20	87.70	83.80	13.00	236.00	34.40
20UPGPQ4617072	30.70	88.70	84.80	11.50	231.50	31.40
20UPGPQ4617075	30.20	89.20	84.30	12.00	225.50	28.90
20UPGPQ4617078	30.70	87.20	85.80	11.00	227.50	29.90
20UPGPQ4617079	30.20	89.20	84.80	11.50	226.00	29.40
20UPGPQ4617080	30.20	87.20	86.30	10.50	228.00	27.40
20UPGPQ4617082	30.20	87.20	85.30	11.50	230.00	29.40
20UPGPQ4617084	30.70	87.70	85.30	12.00	228.50	29.40
20UPGPQ4617086	31.70	90.20	83.80	12.00	229.50	31.90
20UPGPQ4617087	30.20	88.70	85.30	12.00	230.50	30.90
20UPGPQ4617088	31.20	88.20	84.80	12.00	233.50	33.40
20UPGPQ4617089	31.20	87.70	84.80	12.00	231.00	32.90
20UPGPQ4617090	30.20	88.20	83.80	13.00	229.50	33.40
20UPGPQ4617091	31.20	87.20	85.30	10.50	230.00	32.40
20UPGPQ4617093	32.70	88.70	83.80	12.00	233.00	33.90
20UPGPQ4617094	32.20	88.20	82.80	12.00	233.50	34.40
20UPGPQ4617096	32.20	88.70	82.80	13.00	235.50	36.40
20UPGPQ4617097	31.20	88.20	87.80	11.50	234.50	30.90
20UPGPQ4617098	28.70	86.20	85.30	10.50	228.50	30.40
20UPGPQ4617099	27.20	87.70	84.80	11.50	226.50	29.90
20UPGPQ4617100	29.20	88.20	84.80	10.00	228.00	30.40
20UPGPQ4617101	33.20	88.20	85.80	11.00	232.50	32.90
20UPGPQ4617102	30.20	87.20	84.30	12.00	229.00	32.90
20UPGPQ4617103	30.20	86.20	85.30	11.50	228.00	31.90
20UPGPQ4617104	29.20	88.70	83.80	12.00	228.00	30.90
20UPGPQ4617105	33.20	88.70	85.30	12.00	235.50	33.90
20UPGPQ4617106	32.70	88.70	82.80	13.50	233.00	34.40
20UPGPQ4617108	30.20	87.20	84.80	13.00	231.50	31.90
20UPGPQ4617109	34.20	88.20	84.80	12.50	233.50	32.90
20UPGPQ4617111	33.70	87.20	84.80	11.50	231.50	31.40
20UPGPQ4617114	32.20	87.20	84.80	12.50	229.50	29.40
20UPGPQ4617115	33.20	87.20	84.80	10.50	230.50	29.40
20UPGPQ4617117	31.20	88.70	84.30	13.50	231.00	30.90
20UPGPQ4617118	31.70	89.20	84.80	12.00	228.00	28.40
20UPGPQ4617120	33.70	85.70	86.30	11.00	229.50	28.90
20UPGPQ4617121	32.70	87.20	86.30	11.00	233.50	31.90
20UPGPQ4617123	30.70	88.20	85.30	11.50	230.00	30.40
20UPGPQ4617125	32.70	86.70	86.30	10.50	232.00	31.40
20UPGPQ4617126	30.20	87.70	84.30	11.50	227.00	29.90
20UPGPQ4617127	31.70	88.70	84.30	11.00	227.50	29.40
20UPGPQ4617128	30.70	87.70	84.80	11.50	227.50	27.90
20UPGPQ4617130	30.20	87.20	85.30	11.00	227.50	28.40
20UPGPQ4617131	30.20	88.20	83.30	11.50	225.00	30.40
20UPGPQ4617132	31.20	85.70	84.30	11.00	225.50	28.90
20UPGPQ4617133	36.20	87.20	85.30	10.50	235.00	32.90
20UPGPQ4617134	32.20	88.70	86.30	12.00	232.00	31.90
20UPGPQ4617135	33.20	87.20	85.80	10.50	234.50	33.90
20UPGPQ4617136	34.70	88.20	85.80	10.00	236.50	34.90
20UPGPQ4617137	31.70	88.20	83.80	13.00	232.00	33.40
20UPGPQ4617138	30.70	86.70	85.80	10.00	228.50	28.40
20UPGPQ4617139	31.70	87.70	85.30	12.00	231.00	31.40
20UPGPQ4617140	30.70	88.70	84.30	13.50	232.50	33.90
20UPGPQ4617141	31.20	87.70	84.80	11.50	230.00	31.90
20UPGPQ4617142	30.20	88.20	85.30	12.50	228.00	31.40
20UPGPQ4617143	29.70	87.20	84.30	12.50	230.50	32.90
20UPGPQ4617144	32.20	88.20	83.80	12.00	231.00	33.40
20UPGPQ4617145	32.70	88.20	84.30	12.00	235.00	33.90
20UPGPQ4617146	31.70	88.70	85.80	11.00	230.50	31.40
20UPGPQ4617147	32.20	87.20	85.80	11.00	229.50	32.40
20UPGPQ4617150	32.70	88.20	84.30	11.00	227.00	32.90
20UPGPQ4617153	33.20	87.70	84.30	11.50	231.50	33.40
20UPGPQ4617155	30.70	86.20	84.80	10.00	226.00	31.90
20UPGPQ4617156	30.20	88.70	82.80	13.50	225.00	33.40
20UPGPQ4617157	35.20	87.70	85.30	11.00	234.00	34.40
20UPGPQ4617158	32.70	87.70	84.80	12.00	230.00	31.90
20UPGPQ4617159	34.70	85.20	85.80	10.50	230.50	32.40
20UPGPQ4617160	36.70	88.70	85.30	10.50	234.50	33.90
20UPGPQ4617162	33.70	87.70	84.80	11.00	227.50	30.40
20UPGPQ4617163	32.20	87.20	84.80	12.00	227.50	30.40
20UPGPQ4617165	32.70	85.20	84.80	12.00	230.00	32.40
20UPGPQ4617167	34.70	87.20	83.80	10.50	225.50	29.90
20UPGPQ4617169	34.20	89.20	83.80	13.50	233.50	33.40
20UPGPQ4617170	34.70	86.20	84.80	11.00	233.00	32.40
20UPGPQ4617171	34.70	85.20	85.80	12.00	234.00	31.40
20UPGPQ4617172	35.20	86.70	84.80	12.50	236.50	33.90
20UPGPQ4617173	34.20	87.20	84.30	12.00	231.00	32.40
20UPGPQ4617176	33.20	86.70	85.30	11.50	233.00	32.40
20UPGPQ4617177	32.70	87.20	83.80	13.50	229.50	32.40
20UPGPQ4617178	33.20	88.20	82.80	13.00	228.00	30.90
20UPGPQ4617179	32.70	85.20	83.80	13.50	228.00	30.90
20UPGPQ4617181	35.20	86.70	84.80	13.00	236.00	34.90
20UPGPQ4617182	32.70	85.20	85.30	11.50	231.50	30.90
20UPGPQ4617183	31.70	86.70	84.80	12.00	230.50	30.90
20UPGPQ4617185	35.20	86.20	85.80	11.00	233.00	32.40
20UPGPQ4617186	31.20	87.20	83.80	12.00	227.00	30.90
20UPGPQ4617187	31.20	86.70	83.80	12.50	226.00	31.40
20UPGPQ4617188	32.20	87.20	84.30	12.00	228.50	30.40
20UPGPQ4617189	32.70	89.20	83.30	13.00	233.50	34.40
20UPGPQ4617190	31.20	86.70	83.80	11.00	226.00	30.90
20UPGPQ4617191	30.20	86.20	83.80	12.00	224.00	30.40
20UPGPQ4617192	30.70	85.20	84.30	11.00	225.00	28.40
20UPGPQ4617193	33.20	87.20	83.80	13.50	231.00	32.90
20UPGPQ4617194	32.70	87.20	84.80	13.50	231.00	32.90
20UPGPQ4617196	34.70	87.20	84.80	11.50	233.00	33.90
20UPGPQ4617198	32.20	86.70	83.80	12.50	227.50	29.40
20UPGPQ4617199	34.20	85.70	85.30	11.50	228.50	28.90
20UPGPQ4617200	34.70	84.20	85.80	10.00	232.00	30.40
20UPGPQ4617201	31.20	88.20	82.80	14.00	227.50	31.40
20UPGPQ4617202	31.70	88.20	84.30	13.50	227.50	29.90
20UPGPQ4617203	31.70	85.20	85.30	12.00	228.00	29.40
20UPGPQ4617204	34.70	94.20	83.80	13.00	232.00	31.40
20UPGPQ4617205	34.70	93.20	84.30	13.50	234.50	36.40
20UPGPQ4617206	31.70	89.70	85.30	13.00	229.00	31.90
20UPGPQ4617208	31.70	90.70	84.30	13.00	229.00	31.90
20UPGPQ4617209	34.20	93.20	84.80	12.50	233.50	34.40
20UPGPQ4617211	31.20	89.20	84.80	11.00	225.50	30.40
20UPGPQ4617212	30.70	89.70	85.30	11.00	226.50	28.90
20UPGPQ4617213	32.70	89.70	85.80	11.50	232.50	31.90
20UPGPQ4617214	28.20	91.20	84.80	13.50	225.50	30.90
20UPGPQ4617215	29.70	93.20	83.80	12.50	224.00	30.90
20UPGPQ4617216	31.70	91.20	83.80	12.00	225.50	30.90
20UPGPQ4617217	31.20	91.70	84.80	13.00	231.00	30.40
20UPGPQ4617218	32.70	93.20	84.30	13.00	229.50	28.90
20UPGPQ4617219	33.20	91.70	85.30	11.50	229.50	28.40
20UPGPQ4617222	33.20	91.70	85.30	11.50	229.50	28.40
20UPGPQ4617224	34.70	88.70	85.30	9.50	233.00	29.40
20UPGPQ4617225	33.20	92.70	85.30	12.50	235.00	32.90
20UPGPQ4617226	34.20	93.20	83.80	12.50	231.50	32.40
20UPGPQ4617227	33.70	93.20	84.30	12.50	233.50	32.90
20UPGPQ4617228	35.20	90.70	85.80	12.00	236.00	32.90
20UPGPQ4617229	34.20	93.70	85.30	12.50	234.00	33.40
20UPGPQ4617230	30.70	92.70	84.30	14.00	229.50	30.90
20UPGPQ4617231	31.20	91.70	84.80	13.50	229.00	29.40
20UPGPQ4617232	30.70	91.20	84.80	13.00	228.50	28.90
20UPGPQ4617233	34.20	93.20	83.30	14.50	234.00	34.40
20UPGPQ4617234	33.70	91.20	85.30	12.00	230.00	30.90
20UPGPQ4617235	32.20	91.70	84.80	13.00	229.50	30.90
20UPGPQ4617236	33.70	91.70	84.80	11.50	228.50	30.90
20UPGPQ4617237	37.20	92.70	84.30	12.00	237.50	35.40
20UPGPQ4617238	33.70	91.20	85.30	11.00	234.00	30.40
20UPGPQ4617239	33.70	89.20	83.80	10.50	230.00	28.90
20UPGPQ4617241	31.20	91.20	83.80	12.50	228.50	30.40
20UPGPQ4617242	30.70	90.70	83.80	12.00	226.50	26.90
20UPGPQ4617243	32.70	90.70	84.30	10.50	227.00	26.90
20UPGPQ4617245	31.20	89.70	84.30	10.50	229.50	30.90
20UPGPQ4617246	31.70	90.70	84.80	10.50	227.00	28.40
20UPGPQ4617248	34.70	91.20	84.30	10.00	230.00	30.90
20UPGPQ4617249	32.70	91.20	82.30	13.00	232.50	33.40
20UPGPQ4617251	33.20	90.20	82.30	12.00	230.50	31.90
20UPGPQ4618013	33.20	79.70	84.80	12.50	230.00	29.40
20UPGPQ4618014	35.20	80.70	84.80	10.50	229.00	27.90
20UPGPQ4618015	36.20	80.20	84.30	10.50	229.50	29.40
20UPGPQ4618016	36.20	79.70	84.30	10.50	232.00	31.40
20UPGPQ4618017	32.20	81.20	84.80	13.50	230.50	30.40
20UPGPQ4618018	33.20	82.20	84.30	11.50	228.00	27.90
20UPGPQ4618019	33.20	81.70	83.80	13.00	226.50	28.90
20UPGPQ4618020	34.20	80.20	84.80	12.00	229.50	29.40
20UPGPQ4618021	30.70	79.20	85.30	13.50	228.50	28.90
20UPGPQ4618022	32.70	81.20	84.80	12.00	226.50	26.90
20UPGPQ4618023	34.20	89.20	84.30	11.50	226.50	27.90
20UPGPQ4618024	33.20	90.20	84.30	12.00	227.50	29.40
20UPGPQ4618025	37.20	90.20	83.30	10.00	232.50	31.40
20UPGPQ4618026	35.20	89.20	83.30	10.00	229.50	30.40
20UPGPQ4618028	37.70	88.70	84.30	10.00	234.00	33.40
20UPGPQ4618029	33.20	88.70	84.80	11.00	231.00	29.40
20UPGPQ4618030	34.70	91.20	81.80	12.50	227.00	30.40
20UPGPQ4618031	35.20	91.20	83.80	12.00	229.00	29.40
20UPGPQ4618032	36.20	89.70	84.30	10.50	230.50	30.90
20UPGPQ4618033	32.20	90.20	84.30	12.00	230.00	30.40
20UPGPQ4618034	32.20	90.20	84.30	11.00	226.50	29.40
20UPGPQ4618035	33.70	88.70	84.80	9.00	227.00	27.90
20UPGPQ4618036	35.70	90.20	84.80	9.00	230.50	29.40
20UPGPQ4618037	37.20	88.70	84.80	10.00	236.00	32.90
20UPGPQ4618038	34.70	90.20	83.80	11.50	230.00	33.40
20UPGPQ4618039	33.70	88.70	83.80	11.00	230.50	31.40
20UPGPQ4618041	35.70	88.70	83.80	10.50	233.00	32.40
20UPGPQ4618042	32.70	91.20	84.80	11.00	226.50	28.90
20UPGPQ4618043	33.70	90.20	84.30	11.50	228.00	29.40
20UPGPQ4618044	33.20	89.70	83.80	11.00	228.00	30.40
20UPGPQ4618045	32.20	87.70	84.80	11.50	233.00	31.90
20UPGPQ4618046	32.20	89.20	84.80	9.50	227.50	28.40
20UPGPQ4618047	32.20	88.20	84.30	11.00	227.00	29.40
20UPGPQ4618048	33.20	90.20	82.30	11.50	225.50	29.90
20UPGPQ4618049	32.20	88.70	83.30	11.00	227.00	28.40
20UPGPQ4618050	34.70	89.70	83.80	9.00	225.00	25.90
20UPGPQ4618051	32.20	89.70	84.30	10.50	226.00	25.90
20UPGPQ4618052	34.20	88.70	83.30	11.00	228.50	28.40
20UPGPQ4618053	33.20	89.20	83.80	11.00	228.00	29.90
20UPGPQ4618054	31.20	87.70	83.30	11.00	225.00	28.40
20UPGPQ4618056	33.20	88.70	83.80	11.50	228.50	28.90
20UPGPQ4618058	32.20	89.20	83.30	10.00	228.00	28.90
20UPGPQ4618059	32.70	91.20	82.30	11.50	227.50	30.40
20UPGPQ4618060	35.20	89.70	83.80	10.50	232.00	29.90
20UPGPQ4618061	33.70	88.20	84.80	9.00	230.00	31.40
20UPGPQ4618062	30.70	90.70	83.80	10.50	225.00	28.40
20UPGPQ4618064	32.20	89.70	82.80	9.50	224.00	28.40
20UPGPQ4618065	34.20	90.20	83.80	10.00	231.00	32.40
20UPGPQ4618066	33.70	89.70	83.30	9.50	225.00	29.40
20UPGPQ4618067	34.20	90.70	83.80	9.50	225.50	30.40
20UPGPQ4618068	32.20	89.70	83.80	9.50	226.50	28.90
20UPGPQ4618069	33.70	89.20	83.80	10.50	232.50	32.90
20UPGPQ4618070	32.20	88.20	84.80	9.50	228.50	30.40
20UPGPQ4618071	34.70	88.20	83.80	9.50	229.00	31.40
20UPGPQ4618072	33.70	87.70	83.80	9.50	228.50	29.90
20UPGPQ4618074	31.20	88.20	84.30	10.00	223.00	27.90
20UPGPQ4618076	33.70	89.70	83.80	10.50	228.50	30.40
20UPGPQ4618077	32.70	89.20	83.80	11.00	227.50	30.90
20UPGPQ4618079	33.70	88.70	83.80	9.00	225.00	27.90
20UPGPQ4618081	34.70	88.20	83.30	11.00	230.00	31.40
20UPGPQ4618082	32.20	84.70	84.30	10.50	229.00	28.90
20UPGPQ4618083	33.70	87.70	83.80	11.00	229.50	29.90
20UPGPQ4618085	35.20	88.20	83.80	10.50	232.50	29.90
20UPGPQ4618086	32.70	88.20	82.80	11.00	226.50	29.40
20UPGPQ4618087	32.70	89.70	82.30	11.50	225.50	28.40
20UPGPQ4618088	33.20	88.20	83.80	11.00	226.00	27.90
20UPGPQ4618089	35.70	87.20	83.80	10.50	233.50	33.40
20UPGPQ4618090	33.20	87.20	84.80	10.00	227.50	29.40
20UPGPQ4618091	32.70	86.70	83.30	11.00	227.00	29.90
20UPGPQ4618094	33.70	87.70	83.30	11.50	231.50	31.90
20UPGPQ4618095	32.70	88.20	83.80	10.50	230.00	30.40
20UPGPQ4618097	31.20	90.20	81.80	13.50	231.00	34.40
20UPGPQ4618098	34.70	86.20	83.80	10.00	228.00	32.40
20UPGPQ4618099	32.70	86.20	83.80	11.00	229.50	31.90
20UPGPQ4618100	34.20	87.70	82.80	11.50	232.50	33.40
20UPGPQ4618101	31.70	88.70	81.80	12.00	227.00	32.40
20UPGPQ4618102	32.20	87.70	83.80	10.50	223.50	28.90
20UPGPQ4618104	34.20	85.20	82.80	10.50	228.00	32.40
20UPGPQ4618105	30.20	85.20	82.80	11.00	224.50	30.90
20UPGPQ4618106	30.70	84.70	82.80	10.50	223.00	29.40
20UPGPQ4618110	32.70	85.70	83.80	9.50	226.00	28.90
20UPGPQ4618111	30.70	85.70	82.80	11.00	225.00	28.90
20UPGPQ4618114	32.70	85.20	83.80	10.50	224.00	29.40
20UPGPQ4618115	32.20	90.70	84.30	12.00	225.00	30.90
20UPGPQ4618117	32.20	88.70	84.30	12.50	230.00	34.40
20UPGPQ4618118	31.20	86.20	84.30	12.00	226.00	29.40
20UPGPQ4618119	29.20	86.70	83.30	12.50	222.50	30.90
20UPGPQ4618120	31.70	89.20	83.30	11.00	225.00	31.40
20UPGPQ4618121	35.20	88.20	83.80	11.50	232.00	33.40
20UPGPQ4618122	32.70	87.70	83.30	12.50	227.50	31.90
20UPGPQ4618123	32.20	86.70	83.80	12.00	228.00	31.40
20UPGPQ4618124	33.20	89.70	83.80	12.50	229.00	30.40
20UPGPQ4618125	37.20	87.20	83.80	10.50	232.00	32.90
20UPGPQ4618126	32.70	88.70	83.30	11.50	226.50	30.40
20UPGPQ4618127	30.70	89.20	83.80	13.00	226.50	30.90
20UPGPQ4618128	31.70	86.70	85.30	11.50	227.00	27.40
20UPGPQ4618129	34.20	85.20	84.30	11.50	232.00	33.90
20UPGPQ4618130	32.20	89.20	83.30	12.50	226.00	29.90
20UPGPQ4618131	30.20	88.20	83.80	13.50	227.00	30.40
20UPGPQ4618132	33.20	86.20	84.30	12.00	225.50	29.90
20UPGPQ4618139	30.20	88.70	84.30	12.50	225.00	29.90
20UPGPQ4618140	31.70	87.70	84.30	11.50	226.50	30.90
20UPGPQ4618145	33.20	90.20	83.30	12.50	229.50	31.40
20UPGPQ4618146	32.70	87.70	83.80	12.00	226.50	28.90
20UPGPQ4618147	33.20	87.20	85.30	10.50	229.50	28.40
20UPGPQ4618148	34.70	87.70	85.80	10.00	232.00	30.90
20UPGPQ4618149	34.20	88.20	84.30	12.00	231.00	32.40
20UPGPQ4618150	32.20	89.20	83.80	12.00	230.00	30.90
20UPGPQ4618151	33.20	86.20	85.30	11.50	231.00	31.40
20UPGPQ4618152	35.20	87.70	85.80	11.50	234.00	32.40
20UPGPQ4618153	33.70	87.70	84.80	12.00	235.50	32.40
20UPGPQ4618154	33.70	89.20	84.30	12.50	234.50	32.90
20UPGPQ4618155	35.20	87.70	83.80	13.00	235.50	33.90
20UPGPQ4618156	35.20	87.70	85.30	12.50	237.50	32.90
20UPGPQ4618157	36.20	87.70	84.30	11.00	232.00	32.40
20UPGPQ4618158	31.20	87.70	84.30	12.00	228.00	29.90
20UPGPQ4618159	32.20	87.20	84.30	12.00	227.50	29.40
20UPGPQ4618160	32.20	86.70	84.80	11.00	228.00	29.90
20UPGPQ4618161	33.70	88.70	84.80	12.50	233.50	33.40
20UPGPQ4618162	32.70	88.20	84.30	12.00	228.50	30.40
20UPGPQ4618163	32.70	88.70	83.30	12.00	228.00	31.90
20UPGPQ4618164	32.70	85.70	85.30	10.50	230.00	29.90
20UPGPQ4618165	37.20	88.70	82.80	12.50	235.50	35.40
20UPGPQ4618166	33.70	86.20	84.80	11.50	234.00	32.40
20UPGPQ4618167	33.20	86.70	84.30	12.50	231.50	31.90
20UPGPQ4618168	33.70	88.70	83.80	13.50	233.50	32.90
20UPGPQ4618169	33.20	86.70	84.80	11.50	228.50	28.90
20UPGPQ4618171	31.20	87.20	84.30	12.00	226.00	27.90
20UPGPQ4618172	35.20	86.20	84.80	11.50	229.50	29.90
20UPGPQ4618174	32.20	86.70	84.80	12.50	225.50	30.40
20UPGPQ4618175	32.70	86.20	84.30	12.50	225.50	28.90
20UPGPQ4618176	33.20	86.70	85.30	11.50	228.50	31.40
20UPGPQ4618177	33.20	86.20	83.80	12.00	228.50	31.40
20UPGPQ4618178	32.20	87.20	84.80	12.50	228.00	29.90
20UPGPQ4618179	32.20	87.70	84.30	12.50	229.00	30.90
20UPGPQ4618180	33.20	85.70	84.30	13.00	231.00	31.40
20UPGPQ4618181	32.70	86.70	85.30	12.50	231.50	30.90
20UPGPQ4618182	30.20	71.20	82.80	13.50	227.00	29.40
20UPGPQ4618183	30.70	71.20	83.80	12.00	226.00	27.90
20UPGPQ4618184	31.70	72.70	83.80	12.00	228.00	28.90
20UPGPQ4618186	32.70	69.70	83.30	10.00	224.50	28.90
20UPGPQ4618187	32.20	71.70	83.30	11.00	224.50	28.40
20UPGPQ4618188	32.20	70.70	82.30	11.00	224.00	29.90
20UPGPQ4618189	32.20	73.20	82.80	12.50	230.00	31.90
20UPGPQ4618190	31.70	73.20	82.30	12.50	228.00	30.90
20UPGPQ4618191	30.70	73.20	83.30	10.50	226.50	27.90
20UPGPQ4618192	31.70	70.20	84.30	10.50	226.50	28.40
20UPGPQ4618193	36.20	71.70	82.30	10.50	227.50	30.40
20UPGPQ4618195	34.70	74.20	81.80	12.00	228.00	32.40
20UPGPQ4618196	35.70	72.20	82.30	11.00	231.50	32.90
20UPGPQ4618197	32.70	69.70	83.80	10.50	226.00	28.40
20UPGPQ4618198	33.20	70.70	82.80	11.00	224.00	28.40
20UPGPQ4618199	33.20	70.20	82.80	10.00	225.00	28.40
20UPGPQ4618200	34.20	70.20	83.80	11.00	231.00	29.40
20UPGPQ4618201	34.20	71.70	80.80	12.00	225.00	31.40
20UPGPQ4618202	33.70	70.70	81.80	11.00	224.00	29.90
20UPGPQ4618203	33.20	70.70	81.30	12.00	224.00	29.90
20UPGPQ4618204	33.20	71.70	82.80	11.50	228.00	29.40
20UPGPQ4618205	36.20	71.20	81.80	12.50	230.50	32.90
20UPGPQ4618206	35.70	71.70	82.30	11.00	226.00	29.90
20UPGPQ4618207	34.20	72.70	82.80	11.50	229.00	31.90
20UPGPQ4618208	36.70	71.70	83.30	10.00	233.00	32.90
20UPGPQ4618209	35.70	71.20	82.80	10.50	228.00	30.90
20UPGPQ4618210	33.20	71.70	82.30	11.50	224.50	29.90
20UPGPQ4618211	34.20	73.70	82.80	11.00	227.00	29.40
20UPGPQ4618212	34.20	71.70	83.30	11.00	228.50	30.40
20UPGPQ4618213	33.20	70.70	82.30	11.00	226.00	30.90
20UPGPQ4618214	33.70	72.70	81.80	10.50	222.50	29.40
20UPGPQ4618215	34.20	72.20	82.30	11.00	224.00	28.90
20UPGPQ4618217	36.70	72.70	81.80	11.50	229.50	33.40
20UPGPQ4618219	33.70	71.20	83.30	10.00	226.00	29.40
20UPGPQ4618221	35.70	72.70	82.30	10.00	228.50	31.90
20UPGPQ4618222	32.70	72.70	82.30	12.00	223.50	29.90
20UPGPQ4618223	33.70	72.20	82.80	10.00	223.00	27.90
20UPGPQ4618224	34.70	72.70	83.30	9.50	225.00	28.40
20UPGPQ4618225	34.20	73.20	81.30	11.50	227.50	32.40
20UPGPQ4618226	32.20	73.20	82.30	11.00	223.50	29.40
20UPGPQ4618227	32.20	72.70	82.80	11.00	224.00	28.40
20UPGPQ4618229	34.70	72.70	82.80	10.50	229.00	28.90
20UPGPQ4618230	34.20	73.70	83.30	10.00	225.50	27.40
20UPGPQ4618232	34.70	73.70	84.30	10.00	231.50	27.90
20UPGPQ4618233	31.70	74.20	82.30	12.00	227.50	30.40
20UPGPQ4618234	33.20	74.20	82.80	11.00	226.50	29.40
20UPGPQ4618235	34.20	73.20	83.30	9.00	227.00	29.90
20UPGPQ4618236	36.20	72.70	83.80	10.00	229.00	29.90
20UPGPQ4618238	34.20	74.70	81.80	11.50	229.00	31.40
20UPGPQ4618239	34.70	71.70	84.30	10.00	230.50	29.90
20UPGPQ4618240	35.70	74.70	82.80	10.50	232.50	31.40
20UPGPQ4618241	35.20	74.70	82.80	9.50	228.00	30.90
20UPGPQ4618242	31.20	70.20	84.30	9.00	225.00	26.90
20UPGPQ4618243	31.70	73.70	83.80	10.50	224.50	28.90
20UPGPQ4618244	31.20	74.70	82.30	11.00	223.50	27.90
20UPGPQ4618245	35.70	72.70	83.80	9.50	230.00	31.90
20UPGPQ4618248	33.20	77.70	82.30	10.00	226.00	28.40
20UPGPQ4618250	33.20	75.20	82.80	9.50	228.00	28.90
20UPGPQ4618251	33.20	75.70	82.80	10.00	228.00	29.40
20UPGPQ4618252	33.20	73.20	81.30	11.50	227.50	29.90
20UPGPQ4619019	30.70	73.70	83.80	11.00	218.00	29.90
20UPGPQ4619020	30.70	73.70	83.80	12.50	220.00	31.90
20UPGPQ4619023	30.70	74.20	84.30	11.00	221.00	30.40
20UPGPQ4619031	30.70	72.70	84.30	10.50	219.00	30.40
20UPGPQ4619032	31.20	73.20	84.30	11.00	221.00	30.90
20UPGPQ4619035	30.20	74.20	83.30	10.50	217.50	30.90
20UPGPQ4619036	30.70	72.70	86.30	9.00	220.50	28.40
20UPGPQ4619042	30.20	73.20	83.80	11.50	217.00	30.40
20UPGPQ4619043	32.20	72.70	84.80	10.00	219.00	29.90
20UPGPQ4619044	32.70	73.20	83.30	11.00	219.00	30.90
20UPGPQ4620013	31.70	73.20	84.80	11.50	223.00	30.90
20UPGPQ4620014	32.20	73.70	84.30	11.00	220.50	30.40
20UPGPQ4620015	31.20	73.20	84.30	11.50	220.50	31.40
20UPGPQ4620016	32.70	73.20	86.30	10.50	224.00	29.40
20UPGPQ4620017	32.70	74.20	84.80	11.50	223.50	30.90
20UPGPQ4620018	29.70	73.20	85.30	12.00	221.00	29.40
20UPGPQ4620019	30.70	74.20	84.30	11.50	219.50	28.90
20UPGPQ4620021	31.20	75.70	83.30	13.00	224.00	32.90
20UPGPQ4620022	30.20	72.70	83.30	12.00	221.00	29.90
20UPGPQ4620023	29.20	74.70	84.80	12.00	221.00	28.90
20UPGPQ4621013	32.70	72.70	84.80	10.50	222.50	30.40
20UPGPQ4621014	30.70	72.70	84.80	10.50	218.00	29.40
20UPGPQ4621015	30.70	73.70	84.30	11.50	218.50	31.40
20UPGPQ4621017	32.20	72.70	83.80	12.00	223.00	31.40
20UPGPQ4621018	28.70	72.20	82.80	12.00	217.50	29.40
20UPGPQ4621019	30.20	73.20	83.80	11.00	218.50	29.90
20UPGPQ4621020	31.70	72.20	84.30	10.00	218.50	29.40
20UPGPQ4621021	30.70	71.20	84.30	10.50	220.50	29.40
20UPGPQ4621022	30.20	74.20	81.80	13.00	217.50	29.90
20UPGPQ4621023	29.20	72.20	83.80	11.00	218.00	29.90
20UPGPQ4621026	30.70	79.20	84.80	11.00	219.00	28.40
20UPGPQ4621034	30.70	80.20	83.80	13.00	223.50	31.40
20UPGPQ4621041	32.20	80.70	84.80	10.50	221.50	31.90
20UPGPQ4621146	33.70	79.70	84.30	12.00	221.50	33.40
20UPGPQ4621150	32.20	80.20	84.30	11.50	220.50	31.90
20UPGPQ4621171	31.20	81.70	83.30	13.00	218.00	30.40
20UPGPQ4621182	34.70	80.70	84.30	12.00	222.00	30.90
20UPGPQ4621194	31.20	79.70	84.80	12.50	223.00	33.90
20UPGPQ4621198	32.70	80.20	83.30	12.00	219.00	32.90
20UPGPQ4622013	30.70	72.70	83.80	11.00	219.00	31.40
20UPGPQ4622014	30.20	75.20	83.30	11.00	217.00	29.40
20UPGPQ4622015	32.70	72.70	84.30	9.50	219.00	29.40
20UPGPQ4622016	32.20	73.70	84.30	11.00	220.00	29.90
20UPGPQ4622017	31.70	73.20	84.30	10.00	219.50	29.40
20UPGPQ4622018	30.70	74.20	82.80	12.50	216.50	28.90
20UPGPQ4622019	30.20	73.70	83.30	11.50	218.00	28.40
20UPGPQ4622020	32.20	75.20	82.30	12.50	220.00	29.40
20UPGPQ4622021	33.20	74.20	83.80	10.50	220.00	29.40
20UPGPQ4622022	30.20	75.20	83.30	11.50	216.50	27.90
20UPGPQ4622023	32.70	80.20	83.30	12.50	219.00	30.40
20UPGPQ4622024	32.20	80.70	82.80	12.50	219.50	31.40
20UPGPQ4622025	31.20	80.70	84.30	12.00	219.00	29.90
20UPGPQ4622028	32.70	80.70	84.30	11.00	221.50	29.40
20UPGPQ4622029	32.20	79.20	85.30	11.00	221.00	29.90
20UPGPQ4622030	30.70	81.70	84.30	12.50	218.00	29.90
20UPGPQ4622031	31.70	80.20	84.80	11.50	220.50	29.90
20UPGPQ4622032	33.70	81.20	83.80	11.00	221.50	31.90
20UPGPQ4622033	33.20	80.70	83.30	12.50	222.50	31.90
20UPGPQ4622034	30.70	82.20	83.80	12.50	221.50	30.40
20UPGPQ4622036	34.70	80.70	83.80	10.50	224.00	30.90
20UPGPQ4622037	34.20	80.20	84.80	11.00	221.50	31.90
20UPGPQ4622038	31.20	80.70	84.30	12.00	219.00	28.90
20UPGPQ4622039	31.20	79.20	84.30	12.50	219.00	30.40
20UPGPQ4622040	32.70	81.20	84.30	12.00	219.00	30.90
20UPGPQ4622041	34.20	79.70	84.30	11.00	221.00	30.90
20UPGPQ4622042	32.70	79.20	85.30	11.50	217.50	28.90
20UPGPQ4622043	32.70	81.70	84.30	12.50	217.00	29.40
20UPGPQ4622044	32.70	82.20	84.80	12.00	219.00	29.40
20UPGPQ4622048	32.70	80.20	84.80	10.50	217.00	28.40
20UPGPQ4622049	34.20	79.70	84.30	12.00	222.00	30.90
20UPGPQ4622051	34.20	80.20	83.30	12.00	219.00	31.90
20UPGPQ4622053	33.70	80.20	83.80	13.00	222.00	31.40
20UPGPQ4622054	32.70	79.70	83.80	12.50	219.50	29.90
20UPGPQ4622055	33.20	62.20	82.30	11.00	216.50	28.40
20UPGPQ4622056	34.20	64.20	81.80	11.50	220.00	30.90
20UPGPQ4622057	31.70	62.70	82.80	11.50	217.50	29.40
20UPGPQ4622058	33.70	84.70	81.80	12.00	217.50	30.40
20UPGPQ4622059	31.20	81.20	84.30	11.50	219.00	27.90
20UPGPQ4622060	32.70	84.70	83.80	12.00	220.50	29.40
20UPGPQ4622064	31.70	82.70	83.80	10.00	217.00	28.90
20UPGPQ4622067	30.20	83.70	83.80	10.00	217.50	28.40
20UPGPQ4622069	33.70	82.70	84.80	8.50	219.00	28.90
20UPGPQ4622070	30.20	83.20	83.80	11.00	216.00	29.90
20UPGPQ4622072	30.20	83.70	82.80	12.00	214.50	28.90
20UPGPQ4622073	31.70	82.70	84.30	11.00	218.00	27.40
20UPGPQ4622075	32.20	83.20	83.30	10.00	217.00	27.40
20UPGPQ4622076	32.70	84.20	82.80	11.00	218.50	28.90
20UPGPQ4622077	32.70	82.70	84.30	11.00	220.50	29.90
20UPGPQ4622079	32.20	84.20	84.30	11.00	218.50	27.90
20UPGPQ4622080	33.70	82.20	83.30	10.50	220.50	28.40
20UPGPQ4622081	34.20	84.20	83.80	11.00	223.50	29.90
20UPGPQ4622082	32.20	83.70	84.80	11.50	223.00	28.40
20UPGPQ4622084	34.20	84.70	83.80	11.00	225.50	30.90
20UPGPQ4622085	34.20	85.70	83.80	11.50	222.50	29.90
20UPGPQ4622087	31.20	85.70	83.80	12.00	218.50	28.90
20UPGPQ4622089	34.70	82.70	84.30	10.50	224.00	30.90
20UPGPQ4622091	32.20	84.70	82.80	12.00	220.50	28.40
20UPGPQ4622092	32.20	84.20	83.80	12.00	219.00	28.90
20UPGPQ4622094	33.20	83.70	83.80	11.00	221.50	29.40
20UPGPQ4622095	32.20	85.20	82.80	11.50	220.50	29.90
20UPGPQ4622097	32.20	85.20	83.80	11.50	220.00	29.40
20UPGPQ4622101	31.70	84.70	83.80	11.50	221.00	30.90
20UPGPQ4622103	31.20	83.20	84.30	12.00	219.00	29.40
20UPGPQ4622105	33.20	84.20	85.30	10.50	223.50	30.40
20UPGPQ4622106	31.70	85.20	83.80	11.00	224.00	29.90
20UPGPQ4622109	31.20	82.70	84.30	9.50	218.50	28.40
20UPGPQ4622110	30.70	83.70	82.80	11.50	216.00	27.40
20UPGPQ4622115	31.70	84.20	84.30	10.00	218.50	27.90
20UPGPQ4622118	32.70	85.20	83.30	11.00	224.50	29.90
20UPGPQ4623013	33.20	73.70	83.80	11.00	221.50	28.90
20UPGPQ4623014	32.20	72.70	84.30	10.50	217.00	28.40
20UPGPQ4623015	29.70	72.70	85.30	10.00	218.00	27.90
20UPGPQ4623016	31.70	75.70	82.80	11.00	217.00	28.40
20UPGPQ4623017	34.70	74.20	83.80	10.00	221.50	29.90
20UPGPQ4623018	31.70	75.20	83.30	11.50	218.50	29.40
20UPGPQ4623019	31.20	73.20	84.80	10.00	219.00	28.40
20UPGPQ4623020	30.70	72.70	84.30	10.50	218.50	27.90
20UPGPQ4623021	34.20	74.20	84.30	11.00	227.50	32.40
20UPGPQ4623022	32.20	73.70	83.80	10.00	224.00	29.90
20UPGPQ4624014	33.20	90.20	82.80	12.50	227.50	33.90
20UPGPQ4624015	33.20	87.70	84.30	12.00	227.00	32.40
20UPGPQ4624016	33.70	86.70	84.30	11.00	227.50	32.40
20UPGPQ4624017	33.70	86.70	84.80	12.00	232.00	32.90
20UPGPQ4624018	31.70	87.70	84.30	12.00	228.00	31.90
20UPGPQ4624019	33.20	87.70	83.30	12.00	226.50	31.40
20UPGPQ4624020	32.70	87.70	84.30	11.50	228.00	30.90
20UPGPQ4624025	32.70	87.70	83.80	13.00	229.00	32.40
20UPGPQ4624026	30.70	86.70	83.80	13.00	227.50	30.40
20UPGPQ4624027	30.20	85.20	85.80	11.00	225.50	26.90
20UPGPQ4624028	31.70	87.70	83.80	12.00	224.50	29.40
20UPGPQ4624029	34.20	87.70	84.80	11.50	231.50	32.90
20UPGPQ4624030	30.70	87.70	84.30	12.00	228.00	30.40
20UPGPQ4624031	32.70	86.20	85.30	10.50	227.00	29.40
20UPGPQ4624032	31.20	88.70	84.30	12.50	228.50	30.40
20UPGPQ4624033	33.20	85.20	85.30	11.50	232.50	31.40
20UPGPQ4624035	29.70	86.20	85.30	11.50	227.00	28.90
20UPGPQ4624036	29.20	85.20	84.80	12.50	228.00	28.40
20UPGPQ4624037	34.70	74.70	83.30	10.50	225.50	29.40
20UPGPQ4624038	31.20	74.70	82.80	11.50	223.00	29.90
20UPGPQ4624039	31.70	74.20	82.80	11.00	223.50	30.40
20UPGPQ4624041	32.70	73.70	83.30	11.50	226.50	30.40
20UPGPQ4624042	32.20	72.70	82.80	11.50	224.00	27.90
20UPGPQ4624043	32.70	73.20	82.80	9.50	224.50	29.40
20UPGPQ4624044	33.70	73.20	82.30	11.00	227.00	29.90
20UPGPQ4624045	33.70	73.20	82.30	11.00	227.00	29.90
20UPGPQ4624046	31.70	74.20	83.80	11.00	225.00	28.90
20UPGPQ4624048	35.70	73.20	83.30	9.00	227.50	28.90
20UPGPQ4624049	38.70	74.20	83.80	8.50	227.00	30.40
20UPGPQ4624051	32.20	74.20	82.80	11.50	221.50	29.90
20UPGPQ4624052	31.70	73.70	82.30	13.00	224.50	30.90
20UPGPQ4624054	32.70	72.20	81.80	10.50	223.50	29.40
20UPGPQ4624057	32.20	72.70	82.80	11.50	223.50	30.40
20UPGPQ4624058	32.70	72.70	84.30	9.50	224.00	28.90
20UPGPQ4624059	32.70	71.70	83.80	10.00	222.50	28.40
20UPGPQ4624060	31.70	73.20	83.30	11.00	225.00	28.40
20UPGPQ4624062	31.20	72.20	83.80	10.50	224.50	29.40
20UPGPQ4624064	33.70	73.70	81.80	11.50	226.00	31.40
20UPGPQ4624065	34.20	74.20	82.30	11.00	228.00	31.90
20UPGPQ4624066	33.20	72.70	83.30	10.00	226.50	29.90
20UPGPQ4624067	32.20	72.20	83.30	11.50	225.00	29.90
20UPGPQ4624068	33.20	74.70	83.30	10.50	226.50	30.40
20UPGPQ4624070	30.70	73.70	82.80	11.00	225.00	29.90
20UPGPQ4624073	34.20	77.20	81.80	13.00	226.50	32.40
20UPGPQ4624074	32.70	74.70	83.30	11.50	224.00	29.90
20UPGPQ4624075	32.20	77.70	82.30	12.00	224.00	31.90
20UPGPQ4624076	33.20	76.20	82.80	12.00	228.00	32.40
20UPGPQ4624077	31.70	75.70	82.80	12.00	229.00	31.90
20UPGPQ4624080	32.20	70.20	81.80	9.50	224.50	27.40
20UPGPQ4624081	31.20	73.20	83.80	11.50	226.50	30.90
20UPGPQ4624083	31.70	69.20	81.80	9.00	224.00	26.90
20UPGPQ4624085	33.20	68.70	81.30	9.50	225.00	30.90
20UPGPQ4624086	31.70	73.70	82.30	11.00	224.00	30.90
20UPGPQ4624087	31.20	66.20	81.30	9.50	221.50	28.90
20UPGPQ4624088	32.20	70.20	80.30	11.00	222.50	28.90
20UPGPQ4624089	35.20	72.20	82.30	11.00	230.50	33.40
20UPGPQ4624091	31.20	75.20	80.80	12.00	224.50	32.90
20UPGPQ4624093	34.20	71.70	82.30	10.00	226.00	31.40
20UPGPQ4624094	31.20	75.20	81.30	12.00	225.50	30.40
20UPGPQ4624096	31.70	73.70	82.80	12.00	225.50	30.40
20UPGPQ4624097	33.20	71.20	83.80	12.00	229.50	33.90
20UPGPQ4624098	31.20	73.20	82.80	12.50	226.00	33.40
20UPGPQ4624099	33.20	72.20	81.80	12.00	223.50	31.40
20UPGPQ4624100	32.20	72.20	82.30	13.00	225.50	30.40
20UPGPQ4624101	35.20	73.70	83.30	10.00	230.50	33.90
20UPGPQ4624102	32.70	72.70	83.30	10.50	225.50	30.90
20UPGPQ4624103	31.70	73.70	81.80	12.50	224.50	31.90
20UPGPQ4624104	32.20	72.70	82.80	11.50	222.00	30.40
20UPGPQ4624106	30.20	72.70	83.30	11.50	224.50	30.40
20UPGPQ4624108	31.70	73.70	82.80	10.50	224.00	28.90
20UPGPQ4624109	34.70	74.20	82.30	11.50	227.50	32.40
20UPGPQ4624112	35.70	73.70	81.30	12.50	230.00	35.40
20UPGPQ4624113	35.70	73.70	81.30	12.50	230.00	35.40
20UPGPQ4624114	33.20	73.20	82.30	11.00	224.50	31.40
20UPGPQ4624115	33.20	75.70	81.30	12.50	226.00	31.90
20UPGPQ4624117	30.20	95.70	84.80	12.00	226.00	32.40
20UPGPQ4624118	31.70	89.70	84.80	10.00	223.00	29.40
20UPGPQ4624119	33.20	92.70	82.80	11.00	225.50	30.40
20UPGPQ4624120	34.20	90.70	84.80	9.00	228.00	28.90
20UPGPQ4624121	34.20	90.70	84.30	9.00	227.00	30.90
20UPGPQ4624122	32.20	92.20	83.80	10.50	222.50	28.40
20UPGPQ4624123	33.20	93.20	82.80	11.00	221.50	30.90
20UPGPQ4624124	32.20	90.70	82.30	12.00	224.50	30.90
20UPGPQ4624129	35.20	88.70	84.80	9.50	230.00	31.40
20UPGPQ4624130	32.20	90.70	84.30	10.00	228.50	30.40
20UPGPQ4624132	34.70	91.20	83.30	9.50	230.00	31.90
20UPGPQ4624134	30.70	94.20	82.80	12.00	223.50	30.40
20UPGPQ4624135	31.70	93.20	83.30	10.00	222.50	29.90
20UPGPQ4624137	32.20	90.70	83.80	11.00	227.00	31.40
20UPGPQ4624139	30.70	91.70	82.80	12.00	224.00	31.40
20UPGPQ4624142	32.70	95.70	83.30	11.00	228.00	30.90
20UPGPQ4624143	32.20	94.70	83.30	11.00	226.50	30.40
20UPGPQ4624146	29.70	92.70	82.80	11.50	224.00	29.40
20UPGPQ4624152	32.20	93.70	83.30	11.50	229.00	31.40
20UPGPQ4624153	30.70	92.70	82.80	11.00	228.50	31.40
20UPGPQ4625015	29.20	91.70	83.30	11.00	226.00	27.40
20UPGPQ4625016	29.70	92.20	83.30	11.50	227.50	27.40
20UPGPQ4625017	29.20	91.20	83.30	11.50	226.50	28.40
20UPGPQ4625019	30.20	89.70	83.30	11.00	226.00	29.40
20UPGPQ4625020	30.20	91.70	83.30	11.50	227.00	29.40
20UPGPQ4625022	30.20	91.20	82.80	12.00	230.00	29.90
20UPGPQ4625023	30.70	90.70	82.80	11.50	230.00	29.90
20UPGPQ4625026	28.20	89.70	84.30	11.00	228.00	27.90
20UPGPQ4625027	29.20	91.20	84.30	11.00	226.50	26.90
20UPGPQ4625029	32.20	90.70	83.30	10.50	229.50	30.90
20UPGPQ4625030	29.20	90.70	84.30	10.50	228.00	28.40
20UPGPQ4625038	30.70	94.20	81.30	12.50	227.00	29.40
20UPGPQ4625039	31.20	91.70	83.30	11.00	227.50	28.90
20UPGPQ4625040	32.20	91.70	82.30	12.00	232.00	30.90
20UPGPQ4625042	29.70	93.70	82.30	11.00	226.00	27.90
20UPGPQ4625043	30.70	90.70	84.80	10.00	228.00	27.40
20UPGPQ4625044	30.70	89.20	83.30	11.00	228.00	28.90
20UPGPQ4625046	29.20	92.70	82.30	12.00	228.00	28.40
20UPGPQ4625047	29.20	91.20	83.80	11.00	227.00	27.90
20UPGPQ4625048	29.70	90.70	83.30	12.00	228.50	28.40
20UPGPQ4625049	30.70	92.70	82.80	10.50	228.00	30.40
20UPGPQ4625052	31.20	89.70	83.30	10.50	227.50	28.90
20UPGPQ4625054	30.20	89.70	83.80	11.50	228.00	28.40
20UPGPQ4625055	30.20	90.70	82.80	11.50	226.00	27.40
20UPGPQ4625057	30.20	92.70	82.80	12.00	231.00	31.40
20UPGPQ4625059	28.70	91.20	83.30	12.00	226.50	28.90
20UPGPQ4626014	32.70	93.70	83.30	11.50	227.50	29.90
20UPGPQ4626016	31.70	92.70	83.80	11.50	225.50	28.90
20UPGPQ4626018	30.70	91.20	84.80	9.50	225.00	27.90
20UPGPQ4626020	30.70	93.20	83.80	11.00	224.50	29.90
